#HR;RMSSD;SDNN;LF;HF;SVB;SCL;SD;PEAKS;Alpha;Beta;Theta;Engagement;Anger;Contempt;Disgust;Engagement;Fear;Joy;Sadness;Surprise;Valence;Attention;Browfurrow;BrowRaise;Cheekraise;Chinraise;Dimpler;Eyeclosure;Eyewiden;InnerBrowraise;Jawdrop;Lidtighten;Lipcornerdepressor;Lippress;Lippucker;Lipstretch;Lipsuck;Mouthopen;Nosewrinkle;Smile;Smirk;Upperlipraise;Pitch;Roll;Yaw
79.589262;0.034633;0.071164;0.004254;0.004951;0.859237;-0.004261;113.004395;20;959.566300;4321.419078;5205.906217;0.740693;0.014284;0.173675;1.812887;46.990479;0.006110;0.056761;0.032030;5.323232;-1.457753;82.176674;0.086090;0.741663;0.219385;0.129097;0.865562;0.591743;0.043481;37.041664;0.582520;0.019517;0.002265;0.256272;0.009373;0.168452;0.017768;97.181961;0.165893;6.555985;1.660810;0.307058;-3.863703;-1.197265;13.910134;
82.553030;0.031358;0.065045;0.001800;0.000295;6.092617;0.017285;113.812004;36;611.175164;3721.055230;2664.005594;1.168826;0.038543;0.165203;3.571946;49.314404;0.003630;0.021120;0.001067;2.654699;0.359195;83.281235;0.037883;0.131352;1.609189;3.640716;0.768172;2.222292;0.002256;4.045603;4.482966;0.039396;0.007705;0.228090;0.009393;0.050170;0.042276;98.771713;0.917972;2.573351;0.069627;7.794758;-7.118357;-2.257487;13.862326;
72.380570;0.033790;0.064215;0.001804;0.000574;3.143892;0.000426;113.538033;39;351.437886;5288.478759;1165.477360;4.473243;0.043086;0.193124;5.194910;48.985386;0.004791;0.011066;0.001310;2.579954;-1.320672;83.595673;0.046751;0.111918;0.015109;2.313252;0.109042;0.002630;0.001541;5.499206;1.132216;0.013210;0.025849;0.034242;0.032297;0.005699;0.003048;99.284012;0.213094;0.012091;0.010697;16.601728;-6.197495;-3.113878;13.803563;
75.352948;0.034497;0.071939;0.002429;0.000803;3.025104;-0.011993;113.566849;41;347.563572;5194.644966;1002.338972;5.378827;0.039200;0.192572;3.469682;38.478626;0.004546;0.009827;0.001602;2.083336;-0.007605;81.316711;0.015499;0.190274;0.012919;1.763961;0.165281;0.000490;0.002277;2.577094;1.080763;0.007447;0.031341;0.066662;0.061885;0.008916;0.014583;91.584854;0.310876;0.032128;0.003741;9.038987;-6.756392;-3.478517;14.495667;
83.037687;0.034151;0.071312;0.001927;0.000581;3.317698;-0.006825;113.007050;41;609.540309;5510.019715;1715.721858;2.718099;0.014749;0.192980;2.020350;21.257095;0.005462;0.006694;0.012031;1.696461;-0.004772;86.470581;0.015316;0.363212;0.000775;1.592569;0.038727;0.000001;0.003024;12.452309;0.518993;0.006377;0.083248;0.032157;0.054450;0.002056;0.016590;61.787697;0.169105;0.001667;0.002494;3.731915;-7.154130;-3.117459;12.643274;
78.329970;0.035178;0.070395;0.001913;0.000349;5.481382;0.036686;113.371880;43;439.444971;4922.818654;362.447353;6.257329;0.003528;0.192998;0.745755;0.659735;0.005132;0.003042;0.019022;0.492439;-0.000005;83.171967;0.005353;0.322270;0.001299;4.955667;0.022093;0.428642;0.026982;9.312226;0.840625;0.006463;0.178840;0.032226;0.014200;0.004834;0.054589;28.330667;0.101313;0.001506;0.005182;0.887086;-8.706675;-1.626245;13.977594;
74.500413;0.027948;0.071215;0.001914;0.000396;4.828821;-0.008757;114.080315;44;390.145345;5078.292811;897.061195;3.979436;0.035740;0.192946;4.049855;36.507183;0.004570;0.009431;0.001966;2.064815;-0.159204;85.706291;0.011830;0.135946;0.028087;0.669458;0.143337;0.340690;0.002851;3.425253;1.445296;0.004757;0.050104;0.095223;0.030736;0.007727;0.012604;87.854256;0.301758;0.007220;0.005381;12.403584;-7.209685;-1.854439;12.978184;
76.246066;0.021722;0.060505;0.001524;0.000625;2.437012;0.003232;113.712914;44;426.327655;4369.522840;599.014987;4.492307;0.042333;0.192838;6.872787;47.052860;0.004838;0.010849;0.001277;2.455656;-2.708275;84.445305;0.029702;0.117536;0.033471;1.350408;5.005248;1.674617;0.001175;4.916492;0.513758;0.008037;0.012520;1.494576;0.017981;0.009720;0.321213;98.067863;0.259053;0.016333;0.003299;23.622404;-5.467603;-2.870211;13.362546;
78.177305;0.080555;0.091044;0.001683;0.002969;0.566626;0.015581;113.644470;53;496.759730;4605.400803;1686.962206;2.299703;0.018075;0.192956;1.721662;17.819437;0.004854;0.006073;0.011404;1.242607;-0.003149;78.656906;0.016844;0.337776;0.007132;2.940740;1.163500;0.245949;0.003785;5.039590;0.311926;0.004626;0.048646;0.210932;0.119876;0.028232;0.543661;54.139599;0.166874;0.001411;0.000880;3.306472;-5.552403;-3.114224;15.247374;
70.031626;0.230575;0.149615;0.002556;0.005310;0.481348;0.007091;114.711189;56;519.225251;3228.831171;1506.331636;1.648636;0.015398;0.193006;1.389503;9.037503;0.004583;0.005419;0.006330;0.936566;-0.000004;85.719475;0.027766;0.324883;0.001038;0.059261;0.006198;0.000287;0.015411;1.232253;0.115657;0.002620;0.012377;0.029803;0.004084;0.003529;0.014694;55.197144;0.055599;0.001148;0.001178;1.914395;-5.034914;-1.665410;12.992873;
54.969633;0.255899;0.190434;0.006016;0.010835;0.555211;-0.119965;114.207352;57;1435.489803;3696.481352;3166.962031;0.952964;0.015325;0.192277;1.703921;23.444553;0.003842;0.005352;0.004167;1.771075;-0.000000;87.290527;0.007835;6.160410;0.679159;0.022773;0.014764;3.076550;0.124996;0.729274;0.146778;0.002431;0.012009;0.037004;0.018667;0.004950;0.006793;65.391769;0.209394;0.048619;0.002020;1.918983;-5.292785;-0.983433;12.374519;
66.281303;0.383895;0.280233;0.018891;0.025144;0.751291;0.130627;113.746040;58;1458.879008;7918.359811;2556.347050;2.414218;0.028486;0.192795;2.313793;35.893124;0.004149;0.007509;0.004526;1.992833;-0.000000;88.334763;0.009518;3.715975;0.067314;0.208073;2.097276;0.003651;0.166706;1.045755;0.136707;0.002973;0.010342;0.122438;0.020625;0.018457;0.249716;75.869102;0.068860;0.015866;0.004235;3.618172;-4.243814;0.085980;11.880364;
75.430104;0.196326;0.167131;0.002200;0.011421;0.192594;-0.000152;127.001045;25;254.793245;485.310135;787.843278;0.482266;0.001933;0.193129;0.447401;0.098137;0.004621;0.001887;0.025308;0.219310;-0.000000;95.739967;0.041867;0.428757;0.002934;0.152458;0.002456;0.711080;0.000728;2.098186;0.178373;0.011259;0.003479;0.006824;0.004726;0.007002;0.002265;2.523547;0.012323;0.000100;0.004723;0.000004;-8.099092;-2.604507;6.394158;
69.311774;0.322499;0.235573;0.009691;0.017836;0.543325;-0.006571;127.006866;25;401.506302;350.545384;1147.859171;0.282838;0.001954;0.193154;0.466777;0.117592;0.004733;0.001963;0.028482;0.247311;-0.000000;95.701706;0.030522;0.575145;0.003090;0.310691;0.007286;0.002363;0.001544;4.227264;0.415560;0.011864;0.010355;0.025726;0.003676;0.002945;0.005343;4.895069;0.004694;0.000007;0.007266;0.000003;-8.378079;-3.095488;6.496720;
83.216117;0.376448;0.265266;0.012323;0.017643;0.698446;-0.002173;127.002869;25;321.091675;453.090314;2173.860068;0.186961;0.002039;0.193141;0.443060;0.092635;0.004573;0.001895;0.023842;0.208093;-0.000000;96.015274;0.027420;0.060340;0.024125;0.196633;0.023035;0.000012;0.002226;0.874495;0.231276;0.009554;0.009745;0.048815;0.006534;0.008548;0.006667;2.058876;0.008154;0.000017;0.006824;0.000004;-6.722730;-3.048310;6.152986;
80.691362;0.359086;0.250395;0.014187;0.016295;0.870635;0.000506;126.999596;25;247.842978;413.682363;473.576033;0.626589;0.001899;0.193336;0.435410;0.086213;0.004648;0.001863;0.026106;0.206985;-0.000000;96.425964;0.016317;0.071069;0.000989;0.171638;0.031872;0.000001;0.000851;1.796453;0.177892;0.006033;0.011650;0.072928;0.004967;0.005893;0.006013;1.137066;0.006405;0.000004;0.018377;0.000003;-6.810062;-3.116403;5.618741;
67.130916;0.386658;0.282534;0.017063;0.024493;0.696647;-0.000197;127.000092;25;204.105752;449.808249;379.636833;0.779477;0.001799;0.193088;0.436523;0.088265;0.004453;0.001856;0.029607;0.226588;-0.000000;94.093605;0.039999;0.223548;0.000596;0.344705;0.032137;0.000001;0.000452;3.458917;2.385076;0.007341;0.138413;0.105767;0.008534;0.002945;0.008656;1.282370;0.005290;0.000001;0.002249;0.000005;-6.750443;-0.930248;7.771922;
81.328761;0.545562;0.378029;0.024416;0.045266;0.539393;-0.010102;126.938477;36;210.535472;652.367975;823.781107;0.673405;0.001228;0.193349;0.431598;0.091517;0.005483;0.001775;0.062270;0.271808;0.084615;96.741005;0.028398;1.216961;1.635058;0.086711;0.098689;0.058022;0.001475;13.148461;0.183274;0.012025;0.010615;0.348458;0.004935;0.029431;0.032792;0.407800;0.003252;0.000071;0.011983;0.000004;-3.668447;2.825430;4.920751;
70.424996;0.530610;0.380104;0.024181;0.057140;0.423184;-0.000893;127.000946;56;491.420966;841.844331;1953.507401;0.350533;0.001019;0.194168;0.429767;2.828143;0.004115;0.001333;0.072108;2.421325;-0.178282;97.696945;0.010956;18.092216;0.217144;0.403492;0.879546;0.019298;0.348034;14.531280;0.077016;0.005418;0.002039;0.611429;0.029268;0.048857;0.203753;0.388698;0.000965;0.000023;0.052016;0.000003;-1.815177;1.450248;3.302351;
81.405279;0.729863;0.486033;0.024057;0.114244;0.210574;-0.001116;127.001137;57;232.828466;614.067599;469.092340;0.890984;0.001840;0.193142;0.433417;0.090181;0.004705;0.001838;0.028151;0.213770;-0.000276;98.362564;0.023491;0.328989;0.032135;0.053542;0.110190;0.000037;0.013063;2.487554;0.016405;0.006510;0.000754;0.171913;0.003061;0.030845;0.029387;0.814745;0.001853;0.000003;0.004139;0.000002;-4.819866;2.505461;1.795977;
76.884976;0.730755;0.484820;0.015624;0.089514;0.174545;-0.001764;127.001785;57;416.556089;531.591999;1469.105748;0.286208;0.001815;0.185714;0.417611;0.084582;0.004323;0.001736;0.023356;0.198188;-0.000000;93.676117;0.036292;0.678340;0.278716;0.058071;0.024143;3.450841;0.001274;0.755660;0.018801;0.010084;0.000724;0.095690;0.002607;0.033604;0.015127;0.726774;0.013495;0.000032;0.032015;0.000008;-5.297479;1.683188;-2.133678;
69.536601;0.705912;0.513626;0.041169;0.103502;0.397759;-0.024433;126.840263;61;519.642595;2273.373437;1771.415396;1.117210;0.001812;0.161250;0.448184;0.216293;0.002811;0.001617;0.015953;0.369696;0.439969;78.407722;0.027767;2.685378;2.637887;0.762293;0.134940;2.908352;0.038586;1.417459;8.977965;0.032535;0.040242;0.219282;0.573476;0.006217;0.079124;7.218591;0.071234;0.003101;0.052619;0.000450;-4.033069;0.112305;-2.114876;
58.193466;0.774029;0.509166;0.058020;0.109990;0.527505;0.001520;126.947807;64;526.922293;1832.457689;1329.180051;1.012599;0.002088;0.193168;0.453624;0.106551;0.004383;0.001911;0.022773;0.224661;0.000510;96.308922;0.050432;0.519417;0.014845;0.326011;0.125178;2.907009;0.003753;0.975065;1.113014;0.004217;0.040196;0.011053;0.037651;0.011992;0.032480;3.447865;0.006042;0.000312;0.006441;0.000004;-9.631253;3.770538;5.677931;
51.965353;0.804957;0.525534;0.053079;0.138333;0.383706;-0.012320;126.709969;64;346.021649;888.479174;1108.950144;0.662982;0.002095;0.193185;0.454953;0.104081;0.004469;0.001932;0.023240;0.222183;0.000001;96.010941;0.054895;0.234879;0.002992;0.128260;0.021822;0.005200;0.002570;1.245518;0.948664;0.007406;0.025077;0.013601;0.018301;0.004764;0.010348;3.553471;0.006334;0.000003;0.004407;0.000005;-8.379405;4.432389;6.077707;
82.145268;0.707666;0.473614;0.062713;0.116504;0.538293;0.008505;126.721901;64;258.770710;731.662989;1704.971317;0.393806;0.002040;0.193169;0.443620;0.093447;0.004488;0.001887;0.023464;0.210446;0.000000;96.020035;0.029059;0.195454;0.033495;0.050488;0.007876;0.000170;0.005517;0.715828;0.590269;0.017505;0.010774;0.015843;0.006483;0.005881;0.002155;2.111608;0.006622;0.000017;0.008104;0.000001;-8.284407;4.552221;6.103684;
84.929508;0.704994;0.477321;0.071671;0.103716;0.691025;-0.003972;126.597641;64;302.417266;635.835942;1464.472255;0.521893;0.001874;0.193296;0.430017;0.082353;0.004571;0.001831;0.026995;0.205582;0.000000;96.355377;0.029704;0.163982;0.268138;0.079499;0.032492;3.391049;0.002914;1.709272;0.558494;0.023407;0.044423;0.062591;0.009050;0.004779;0.007350;0.403422;0.010187;0.000006;0.014223;0.000000;-7.787235;3.993215;5.729074;
70.795242;0.756114;0.521872;0.062795;0.081302;0.772370;-0.004264;126.434204;64;265.237826;609.468117;1510.508527;0.395658;0.001464;0.193192;0.433897;0.086733;0.005513;0.001832;0.098748;0.271704;-0.155494;95.972603;0.065042;0.348729;1.273962;0.150485;0.021996;0.880445;0.002116;11.817250;0.663855;0.029112;0.066824;0.032888;0.005540;0.006135;0.003535;0.954365;0.008461;0.000032;0.013872;0.000001;-7.903458;3.883206;6.094115;
58.459868;0.650047;0.462593;0.042824;0.091939;0.465782;-0.006314;126.103088;64;351.044157;543.876657;684.097880;0.532803;0.001263;0.193290;0.448006;0.102601;0.005240;0.001858;0.055619;0.291015;-0.000185;95.968826;0.084390;0.905793;0.001604;0.520436;0.045706;0.001048;0.001842;13.294194;1.595625;0.006217;0.162768;0.066507;0.009939;0.003341;0.006255;2.719894;0.003517;0.000000;0.004052;0.000002;-9.183455;4.076046;6.249894;
60.916743;0.565496;0.392037;0.036158;0.093405;0.387107;0.007536;126.039543;64;199.962128;571.138342;388.159886;0.987884;0.001285;0.193226;0.441575;0.096902;0.005129;0.001835;0.052752;0.280613;-0.000000;95.931435;0.041607;0.932811;0.000452;0.482277;0.043386;0.000003;0.001333;12.363763;1.682383;0.010773;0.157240;0.056785;0.007451;0.003427;0.011237;1.905110;0.004379;0.000001;0.004391;0.000002;-9.398808;4.031252;6.359080;
62.768342;0.527433;0.345031;0.034445;0.083705;0.411509;-0.012338;126.012321;64;286.900059;495.267517;462.873010;0.679327;0.001279;0.193409;0.435257;0.086627;0.005468;0.001849;0.058653;0.266490;-0.000000;95.858345;0.059783;0.198151;0.007038;0.126765;0.005858;0.000001;0.000585;13.288489;1.019044;0.009143;0.039662;0.042365;0.002514;0.001565;0.004250;1.068061;0.005434;0.000001;0.006850;0.000002;-9.529071;4.180391;6.461893;
66.949356;0.487524;0.327624;0.025488;0.062012;0.411017;0.007376;125.992897;65;394.822307;412.874281;676.972533;0.394544;0.001767;0.193302;0.435413;0.087335;0.004750;0.001851;0.030421;0.218487;-0.000000;95.142494;0.011697;0.285171;0.034753;0.179570;0.038718;0.000128;0.004508;3.737154;0.332650;0.020793;0.056210;0.065200;0.002287;0.008367;0.009531;1.092432;0.004944;0.000007;0.009887;0.000002;-7.821110;3.617291;7.305816;
60.324677;0.404162;0.287057;0.016057;0.051481;0.311906;-0.007994;126.007813;65;365.122415;370.026179;577.359601;0.410476;0.001587;0.193214;0.438403;0.089761;0.004999;0.001862;0.038615;0.237137;-0.000000;94.637482;0.025513;0.276992;0.043465;0.135940;0.038478;0.000019;0.002140;7.061221;0.465806;0.020058;0.108781;0.046272;0.003673;0.007416;0.008425;1.480033;0.004060;0.000005;0.006893;0.000002;-8.648474;3.436811;7.739619;
66.615798;0.346539;0.241229;0.010562;0.055192;0.191371;0.003052;125.997070;65;213.734896;579.249383;1224.502023;0.560076;0.001847;0.193186;0.453431;0.102355;0.004789;0.001928;0.028517;0.231628;-0.000000;95.242783;0.010149;0.257606;0.096823;0.029654;0.007482;0.001394;0.001559;4.048880;0.217440;0.020282;0.079183;0.013865;0.001645;0.007784;0.007928;3.297322;0.003549;0.000016;0.007950;0.000003;-8.862429;4.042605;7.160617;
72.527228;0.294320;0.206536;0.009204;0.032681;0.281627;-0.002365;126.002251;65;333.938490;596.152590;1485.037198;0.479855;0.001944;0.193165;0.449632;0.098821;0.004696;0.001916;0.026185;0.221094;-0.000000;95.291862;0.017011;0.191925;0.034428;0.042877;0.008123;0.000098;0.001146;2.604890;0.144858;0.017161;0.041896;0.018738;0.002928;0.004773;0.004134;2.891291;0.003362;0.000014;0.009246;0.000003;-9.110555;4.162347;7.070818;
86.796665;0.294854;0.225733;0.013195;0.016740;0.788269;0.002920;125.997498;65;160.910016;440.774791;309.677781;0.941931;0.001984;0.193121;0.453503;0.102156;0.004669;0.001933;0.025243;0.223163;-0.000000;95.185532;0.011535;0.203106;0.044643;0.030543;0.004964;0.000235;0.001360;2.400878;0.202378;0.012225;0.022756;0.016151;0.002147;0.005975;0.005587;3.377343;0.003438;0.000017;0.009070;0.000004;-8.338174;3.805243;7.156457;
64.038513;0.456736;0.338815;0.020245;0.033394;0.606229;-0.002553;126.002808;65;254.811111;428.697516;446.035960;0.639643;0.001620;0.193113;0.441762;0.096698;0.004832;0.001845;0.033939;0.240045;-0.000000;94.885223;0.019112;0.836034;0.003564;0.300613;0.090574;0.000047;0.001662;5.920112;0.307314;0.021552;0.103034;0.063055;0.003627;0.004076;0.021036;1.974158;0.003165;0.000004;0.004922;0.000004;-9.269216;3.880832;7.515457;
60.563293;0.555285;0.382633;0.025012;0.060052;0.416502;-0.000030;126.001915;65;241.365608;441.640444;486.102729;0.633765;0.001916;0.193094;0.448439;0.099138;0.004641;0.001904;0.025926;0.222870;-0.000000;94.507164;0.010324;0.334858;0.007741;0.250416;0.070996;0.000081;0.001378;2.551731;0.321652;0.010925;0.065397;0.039567;0.005671;0.006231;0.015155;2.767816;0.003820;0.000009;0.004550;0.000008;-8.710183;3.997508;7.867688;
66.060332;0.598622;0.394916;0.026132;0.077196;0.338509;0.006430;125.993584;65;202.049977;428.316977;364.447124;0.761714;0.001784;0.193158;0.443672;0.094511;0.004765;0.001885;0.028851;0.224274;-0.000000;95.076378;0.014331;0.307403;0.000580;0.093230;0.019066;0.000067;0.000926;3.842941;0.228038;0.011749;0.026328;0.040675;0.005583;0.004763;0.010040;2.166607;0.003109;0.000004;0.003974;0.000006;-8.936994;4.196367;7.347642;
65.638305;0.660010;0.425596;0.027013;0.104539;0.258401;0.000294;126.030464;65;207.776866;561.657837;299.302804;1.119460;0.001733;0.193028;0.444940;0.099435;0.004706;0.001864;0.029413;0.233627;-0.000000;95.073830;0.007706;0.781137;0.000356;0.326449;0.071241;0.000032;0.001817;4.215573;0.288281;0.011790;0.097352;0.086512;0.005761;0.004707;0.027493;2.390512;0.003981;0.000005;0.004365;0.000004;-9.113168;4.312321;7.278393;
77.120102;0.695866;0.436327;0.027606;0.094164;0.293165;0.001072;125.998444;65;173.324603;532.420641;752.555594;0.602432;0.001854;0.193033;0.440309;0.092568;0.004661;0.001867;0.026974;0.217645;-0.000000;95.047760;0.014832;0.383590;0.000590;0.157822;0.019510;0.002027;0.000548;2.621492;0.196948;0.007108;0.023117;0.053866;0.002782;0.004106;0.022275;1.816361;0.003492;0.000005;0.003952;0.000005;-8.816267;4.603795;7.294584;
66.980411;0.601493;0.440310;0.033632;0.102282;0.328811;0.001775;126.107628;65;222.366790;528.844042;1135.306146;0.409565;0.001610;0.193058;0.438240;0.089374;0.005002;0.001867;0.035752;0.231351;-0.000000;94.768814;0.026229;0.200357;0.009620;0.277726;0.023741;0.000027;0.001258;6.515846;0.226253;0.007236;0.022142;0.043216;0.010753;0.003638;0.007570;1.504920;0.002523;0.000003;0.003230;0.000005;-8.344995;3.987836;7.548169;
70.638402;0.661498;0.433020;0.036096;0.139374;0.258990;-0.005444;126.124245;65;186.140410;428.917918;505.295323;0.635472;0.001874;0.193026;0.437123;0.087632;0.004694;0.001870;0.027101;0.210624;-0.000000;94.120552;0.017560;0.072616;0.005058;0.123996;0.020563;0.000351;0.000420;2.367505;0.172708;0.006902;0.012730;0.050014;0.012765;0.004422;0.004268;1.359617;0.002287;0.000003;0.003299;0.000005;-7.611251;2.785758;8.195170;
75.937062;0.653985;0.427314;0.025049;0.153962;0.162697;-0.003542;126.002869;65;272.601534;451.387825;554.211523;0.592010;0.001832;0.193059;0.440129;0.090946;0.004769;0.001877;0.029224;0.218867;-0.000000;94.150887;0.019717;0.188945;0.004114;0.154793;0.032978;0.007503;0.000985;3.479518;0.155326;0.006875;0.019071;0.040899;0.003918;0.003637;0.008981;1.760031;0.001939;0.000008;0.004440;0.000005;-7.911044;3.165888;8.163253;
65.101797;0.766621;0.501262;0.018551;0.188289;0.098526;-0.004657;126.004402;66;189.031143;623.361868;1706.789435;0.346622;0.001569;0.193013;0.443106;0.094367;0.005047;0.001880;0.037626;0.241586;0.000000;94.246819;0.018377;0.345864;0.000466;0.079083;0.039925;0.000015;0.001611;7.353172;0.272686;0.005367;0.007763;0.017847;0.015666;0.004660;0.007010;2.127647;0.002539;0.000002;0.002364;0.000006;-9.151736;4.765116;8.028449;
88.952546;0.761199;0.496760;0.034691;0.160431;0.216238;-0.000567;126.000145;66;321.463997;685.044637;624.997262;0.719795;0.001746;0.193041;0.440688;0.093258;0.004756;0.001861;0.030064;0.226180;0.000000;93.673401;0.024013;0.480454;0.047133;0.210737;0.169095;0.559128;0.000217;4.216863;0.283420;0.008603;0.046165;0.061207;0.032906;0.005779;0.011743;1.826666;0.003600;0.000019;0.002846;0.000008;-7.697120;4.610198;8.554650;
64.310654;0.860870;0.554596;0.042458;0.182566;0.232561;0.000951;125.999718;66;156.939263;468.263029;385.927433;1.016905;0.001612;0.192982;0.438328;0.097312;0.004649;0.001802;0.030565;0.237799;0.000000;92.117195;0.010678;1.337322;0.003592;0.363879;0.926104;0.000669;0.000167;4.802552;0.402996;0.006750;0.046896;0.145435;0.205563;0.008719;0.012924;1.538017;0.003073;0.000002;0.002270;0.000015;-8.145129;3.485138;9.735190;
66.429841;0.821821;0.524427;0.057549;0.151166;0.380699;-0.003380;126.003365;66;278.850708;575.342238;407.487094;0.902010;0.001891;0.192956;0.438776;0.089914;0.004628;0.001870;0.026610;0.213569;0.000000;91.507133;0.006042;0.226951;0.022783;0.100507;0.108693;0.127914;0.001177;2.171587;0.348794;0.003771;0.002979;0.028935;0.230051;0.006498;0.006569;1.571072;0.004024;0.000007;0.001778;0.000037;-7.153167;3.187507;10.143322;
62.676940;0.814807;0.524036;0.034260;0.190652;0.179700;-0.000761;126.000435;66;225.867643;564.192496;813.225039;0.550228;0.001994;0.192992;0.436082;0.088099;0.004529;0.001861;0.023866;0.204187;0.048793;90.504532;0.005751;0.190484;1.349549;0.383421;0.303763;5.029113;0.000912;0.599201;0.227707;0.006667;0.003181;0.114110;0.233434;0.009351;0.024115;1.249470;0.005406;0.000295;0.003910;0.000020;-6.670139;3.402390;10.730836;
75.739983;0.654049;0.431527;0.039687;0.146983;0.270010;-0.002887;126.002769;66;132.332717;399.971833;630.032776;0.546563;0.001999;0.192956;0.439097;0.089663;0.004522;0.001876;0.023994;0.207287;0.000056;91.467743;0.005143;0.143959;0.008705;0.069571;0.079800;0.006352;0.001516;0.806372;0.427117;0.003570;0.003608;0.024825;0.235297;0.007604;0.005268;1.615316;0.003454;0.000005;0.002047;0.000025;-7.276987;3.327129;10.169909;
70.317153;0.639186;0.404623;0.045083;0.084264;0.535024;0.004094;125.995842;66;192.572599;427.450446;550.626991;0.586956;0.002086;0.192956;0.443606;0.093151;0.004494;0.001898;0.022765;0.207583;0.000000;91.225067;0.006353;0.102084;0.002773;0.074966;0.066481;0.002947;0.001187;0.303068;0.399010;0.001770;0.002369;0.037932;0.162293;0.005299;0.005390;2.191042;0.002838;0.000004;0.001894;0.000044;-6.813377;2.721066;10.324924;
62.448215;0.511366;0.364431;0.049248;0.055918;0.880727;-0.001051;126.001289;66;238.171937;397.830746;1003.220016;0.381685;0.002004;0.192954;0.435171;0.086426;0.004519;0.001862;0.023772;0.202323;0.000000;90.968689;0.009114;0.100581;0.002694;0.186493;0.161721;0.014432;0.001169;0.429732;0.308160;0.004456;0.004413;0.069165;0.073927;0.011316;0.012554;1.141615;0.003305;0.000004;0.001169;0.000013;-7.147672;2.662721;10.460975;
62.255516;0.477696;0.338239;0.029055;0.098777;0.294149;0.001037;125.999329;66;226.498828;473.125090;732.767783;0.598327;0.001890;0.192952;0.441480;0.092526;0.004621;0.001880;0.026108;0.216275;0.000000;91.100471;0.006763;0.260806;0.001015;0.184435;0.090757;0.000065;0.002041;2.275812;0.395905;0.004630;0.006345;0.051106;0.060279;0.005967;0.011030;1.934989;0.003519;0.000001;0.001429;0.000030;-7.374852;3.256444;10.388043;
59.587342;0.481030;0.338422;0.028369;0.098919;0.286792;-0.001868;126.001701;66;272.158045;415.778087;964.022397;0.372806;0.001998;0.192938;0.436753;0.087833;0.004534;0.001868;0.023903;0.204348;0.000000;91.278954;0.006085;0.123581;0.003494;0.136258;0.060011;0.025624;0.002570;0.627937;0.284059;0.002839;0.002991;0.057390;0.045480;0.006387;0.011866;1.344965;0.002640;0.000002;0.000939;0.000031;-6.872565;2.462991;10.305888;
59.745833;0.519127;0.342286;0.018189;0.092941;0.195707;0.002289;125.997688;66;295.722535;422.171164;733.135539;0.443237;0.002015;0.192968;0.438330;0.088913;0.004543;0.001874;0.023757;0.204746;0.000000;90.894539;0.013887;0.109146;0.000541;0.182786;0.034686;0.000093;0.002944;0.607789;0.232342;0.002351;0.005353;0.033661;0.073829;0.003999;0.007173;1.530166;0.002950;0.000002;0.001041;0.000027;-6.740039;2.237907;10.538784;
72.604824;0.588075;0.365026;0.018655;0.080462;0.231853;-0.000557;126.000610;66;217.730886;401.648890;527.779660;0.549115;0.001996;0.193005;0.437647;0.088282;0.004556;0.001871;0.024177;0.204994;0.000000;90.504974;0.023635;0.098697;0.001962;0.215047;0.035613;0.000142;0.000435;0.810566;0.256572;0.005173;0.011462;0.052776;0.028620;0.005663;0.009639;1.444261;0.002641;0.000001;0.001081;0.000026;-6.673490;2.616479;10.745923;
72.453725;0.531763;0.350481;0.018392;0.071438;0.257449;0.002956;125.996773;66;229.054723;383.502539;715.222589;0.410926;0.001958;0.193033;0.434392;0.085571;0.004582;0.001857;0.024787;0.202953;0.000000;91.099274;0.029921;0.080312;0.006138;0.150586;0.041019;0.000463;0.000338;0.960822;0.189689;0.006098;0.009216;0.061485;0.024068;0.004458;0.010684;1.021022;0.002813;0.000002;0.001422;0.000018;-6.416630;2.419875;10.388090;
72.767724;0.418968;0.305184;0.016998;0.072992;0.232880;-0.003069;126.003265;66;218.399789;456.746004;1088.132903;0.354765;0.001961;0.192982;0.433672;0.084889;0.004575;0.001855;0.024607;0.201771;0.000000;91.182060;0.015584;0.078163;0.030475;0.095604;0.025317;0.039449;0.000235;0.812839;0.147261;0.004336;0.004015;0.036813;0.040693;0.003376;0.010086;0.915367;0.003540;0.000004;0.001321;0.000025;-6.307770;2.451671;10.345909;
62.870149;0.336422;0.257622;0.019156;0.082597;0.231916;0.003478;125.996490;66;153.568373;697.500928;628.305293;0.925866;0.001942;0.193139;0.433761;0.084611;0.004587;0.001852;0.024961;0.202465;0.000000;92.046539;0.012685;0.113074;0.034786;0.185408;0.019059;0.000320;0.001043;0.974009;0.137765;0.004836;0.006223;0.032220;0.020111;0.004138;0.006346;0.824104;0.004192;0.000003;0.001886;0.000019;-7.024886;2.632535;9.829627;
43.390431;0.488379;0.422244;0.044195;0.108042;0.409054;0.001496;126.055946;66;155.008580;538.901994;578.315597;0.735594;0.001933;0.193151;0.435513;0.086076;0.004606;0.001863;0.025345;0.205233;0.000000;93.331581;0.016203;0.075166;0.001704;0.192549;0.003821;0.000043;0.000778;1.324050;0.225107;0.003740;0.016579;0.021486;0.002685;0.003094;0.007623;1.099150;0.003538;0.000001;0.001182;0.000016;-7.826396;2.282410;8.894835;
71.734545;0.454146;0.401215;0.050485;0.086526;0.583469;-0.000942;126.131950;66;161.571753;494.971500;595.679162;0.665533;0.001793;0.192784;0.431234;0.083427;0.004734;0.001844;0.028692;0.209269;0.000000;92.442863;0.017743;0.090488;0.000658;0.123708;0.005383;0.000006;0.000653;2.948556;0.150009;0.004480;0.015727;0.023328;0.002442;0.003200;0.005923;0.675034;0.002147;0.000001;0.002259;0.000021;-8.117325;2.102323;9.419517;
78.163784;0.454318;0.404343;0.059715;0.057364;1.040982;0.000982;126.669548;66;167.636214;489.256375;896.366855;0.478284;0.001869;0.193107;0.430867;0.083130;0.004649;0.001842;0.026784;0.204853;0.000000;92.865982;0.017431;0.118374;0.006918;0.243403;0.089297;0.006820;0.000453;1.846996;0.166269;0.004819;0.018294;0.064829;0.007382;0.007203;0.025951;0.573558;0.004135;0.000002;0.002429;0.000018;-8.205152;2.457083;9.240116;
85.918471;0.463127;0.422807;0.064403;0.049822;1.292655;-0.001761;126.430946;66;209.868784;510.327999;760.993749;0.534014;0.001963;0.193138;0.434969;0.085903;0.004546;0.001852;0.024417;0.203140;0.000000;91.897545;0.022072;0.168778;0.020780;0.325536;0.028843;0.000426;0.000620;0.742772;0.238552;0.008031;0.014635;0.044725;0.010371;0.006757;0.014103;0.973626;0.005635;0.000002;0.001500;0.000022;-7.109629;2.497786;9.953048;
70.621391;0.565514;0.499360;0.061863;0.076385;0.809879;-0.002148;126.237083;66;186.247136;374.587476;811.342935;0.377710;0.001927;0.193061;0.432992;0.085033;0.004582;0.001847;0.025543;0.204497;0.000000;92.453598;0.018013;0.161952;0.012160;0.391372;0.064277;0.001839;0.000365;1.274378;0.261102;0.007139;0.027040;0.101654;0.004448;0.008651;0.014994;0.800255;0.003145;0.000002;0.002075;0.000016;-7.250657;2.240657;9.533815;
55.191862;0.545084;0.379018;0.068704;0.117331;0.585559;-0.004821;126.261833;66;214.720642;475.483489;646.549302;0.579092;0.001969;0.193054;0.437250;0.089355;0.004545;0.001862;0.024622;0.208187;0.000000;92.390289;0.009453;0.264637;0.004322;0.594441;0.089566;0.002777;0.000310;1.092129;0.305713;0.004227;0.019368;0.128552;0.004618;0.009534;0.021881;1.404246;0.003766;0.000002;0.003405;0.000012;-7.396590;2.443999;9.585894;
59.054132;0.608949;0.415487;0.057249;0.144992;0.394843;-0.001502;126.105034;66;267.453150;847.601543;688.250199;0.981687;0.001898;0.193067;0.444868;0.095873;0.004665;0.001886;0.026870;0.220609;0.000000;93.200211;0.007467;0.377239;0.003114;0.344464;0.049177;0.000107;0.001361;2.559402;0.182143;0.005783;0.014863;0.065425;0.019281;0.004922;0.011064;2.299162;0.007374;0.000002;0.002670;0.000011;-7.543694;2.714033;8.989042;
68.369367;0.633716;0.420884;0.041383;0.114401;0.361734;-0.000164;126.003784;66;198.047914;845.212204;469.112140;1.279170;0.001587;0.193012;0.443791;0.096588;0.004973;0.001862;0.035967;0.242040;0.000000;93.360748;0.028214;0.635505;0.000453;0.403272;0.056513;0.000024;0.001256;6.862858;0.178762;0.006935;0.019559;0.057967;0.107536;0.001286;0.005333;2.144845;0.013812;0.000000;0.000510;0.000051;-8.187331;2.984187;8.836176;
69.261685;0.618372;0.405578;0.032263;0.074156;0.435064;-0.003305;126.003441;66;216.577467;565.028261;693.519340;0.633597;0.001899;0.193076;0.439542;0.089927;0.004690;0.001875;0.027252;0.213286;0.000000;92.942856;0.032688;0.138954;0.000349;0.796627;0.081285;0.000136;0.000625;2.465077;0.206060;0.005654;0.029038;0.084759;0.084654;0.002899;0.014139;1.639002;0.011287;0.000000;0.000421;0.000033;-7.605453;2.576087;9.172203;
71.316263;0.433479;0.327157;0.031067;0.074085;0.419341;-0.009981;125.821671;66;222.270110;581.369159;696.090063;0.647928;0.001826;0.193151;0.434244;0.086683;0.004749;0.001856;0.029111;0.212901;0.000000;93.245880;0.028918;0.088702;0.000415;0.840854;0.088882;0.000015;0.000184;3.270103;0.272878;0.004749;0.034770;0.071602;0.084484;0.002721;0.021991;0.978858;0.010216;0.000000;0.000651;0.000020;-7.619084;2.229252;8.964812;
77.185204;0.226660;0.207453;0.027350;0.079067;0.345906;0.007669;125.958984;66;330.444526;1688.341858;1825.654378;0.773723;0.001894;0.192984;0.431181;0.084509;0.004574;0.001833;0.025563;0.204581;0.000000;93.070152;0.010934;0.292142;0.030141;0.191552;0.038584;0.000083;0.000745;1.289294;0.189343;0.005156;0.006192;0.078360;0.041755;0.016301;0.010878;0.598370;0.005680;0.000006;0.002032;0.000015;-7.355567;3.710638;9.027874;
77.440548;0.081080;0.111988;0.032633;0.032526;1.003292;-0.005042;125.712387;66;285.864286;901.858598;666.433264;0.884030;0.001535;0.193015;0.427322;0.116270;0.004781;0.001722;0.047910;0.320946;-0.065690;94.153969;0.020009;2.368095;0.006222;0.272976;0.020763;0.000001;0.035889;7.680488;0.147654;0.005635;0.010830;0.108141;0.002834;0.004944;0.017058;0.103940;0.005223;0.000001;0.001916;0.000008;-6.551101;3.756269;7.767070;
63.566480;0.320931;0.243777;0.033493;0.019331;1.732601;0.005328;125.378761;66;192.918165;454.591304;823.470027;0.461114;0.001717;0.193057;0.449871;0.174713;0.004378;0.001693;0.029915;0.346641;0.420651;97.646065;0.009356;3.406366;3.709354;0.218585;0.008022;0.002086;0.053628;3.545551;0.003148;0.010743;0.000985;0.244596;0.006847;0.009089;0.068326;0.014654;0.003302;0.000003;0.006094;0.000001;-3.902221;3.097437;3.533185;
56.785240;0.575642;0.408703;0.058183;0.015907;3.657742;0.044982;126.251236;66;309.811422;428.554379;829.806311;0.385748;0.001856;0.192998;0.428255;0.082127;0.004611;0.001811;0.026209;0.202537;0.000486;97.582794;0.006507;0.354705;0.384379;0.063181;0.023550;0.000482;0.018633;1.460956;0.013445;0.007045;0.001114;0.113131;0.005967;0.008658;0.024586;0.046658;0.004422;0.000001;0.003831;0.000001;-5.156649;3.240376;3.711396;
52.945610;0.626848;0.446149;0.050497;0.045028;1.121448;-0.008289;126.854507;66;202.131271;516.859231;673.321625;0.606906;0.001829;0.193108;0.431329;0.082831;0.004663;0.001818;0.027484;0.204881;0.000001;97.253769;0.012145;0.276312;0.812648;0.142413;0.008132;0.000325;0.002509;2.097269;0.039317;0.017692;0.001836;0.085514;0.026700;0.006735;0.011450;0.155611;0.008176;0.000001;0.008119;0.000001;-5.670307;2.781580;4.330565;
68.489193;0.675955;0.464186;0.052037;0.057327;0.907719;-0.023507;126.129387;67;191.175577;487.901193;547.618863;0.684765;0.001730;0.193217;0.428788;0.082737;0.004754;0.001812;0.030539;0.213225;0.000000;97.267914;0.008309;0.406083;0.108459;0.128445;0.021874;0.000039;0.001494;3.613835;0.094856;0.009501;0.003126;0.077707;0.033502;0.007103;0.012758;0.193058;0.008177;0.000001;0.014182;0.000002;-5.792096;3.389608;4.302624;
68.391306;0.675796;0.453183;0.051787;0.057442;0.901546;-0.011211;125.577904;67;174.692304;543.240283;487.673945;0.843278;0.001731;0.193333;0.429691;0.084235;0.004752;0.001806;0.030485;0.213824;0.000000;97.195320;0.014010;0.481170;0.078134;0.358767;0.035027;0.002908;0.003976;3.703854;0.074136;0.021109;0.006086;0.104741;0.019259;0.009420;0.025206;0.137374;0.012542;0.000001;0.018782;0.000001;-6.016983;3.556211;4.447236;
68.723496;0.558576;0.416924;0.050474;0.056962;0.886107;-0.010151;125.088081;67;221.571173;562.411827;709.318444;0.621262;0.001775;0.193328;0.429525;0.082865;0.004707;0.001804;0.029086;0.209310;0.000000;97.345024;0.050215;0.414264;0.037688;0.184884;0.004849;0.000031;0.013505;2.942416;0.104794;0.017268;0.006146;0.054288;0.016837;0.004048;0.007509;0.101881;0.009247;0.000000;0.012208;0.000001;-6.036361;3.441196;4.158303;
73.012140;0.309846;0.264977;0.046813;0.056886;0.822924;0.006023;125.161255;67;238.913662;570.181125;676.858655;0.706261;0.001859;0.193450;0.429583;0.081377;0.004677;0.001820;0.027561;0.202572;0.000000;97.604233;0.086206;0.120260;0.019086;0.162778;0.002720;0.002308;0.001799;2.026474;0.136940;0.017228;0.003899;0.035937;0.014815;0.002109;0.010376;0.189524;0.016713;0.000000;0.011857;0.000002;-5.680311;4.066769;3.665083;
69.792673;0.026294;0.064414;0.038032;0.057268;0.664107;0.005411;125.271851;67;280.999015;560.584287;933.989267;0.525304;0.001769;0.193170;0.430048;0.083025;0.004756;0.001825;0.029906;0.211195;0.000000;97.759056;0.020199;0.268090;0.014276;0.306789;0.005984;0.000534;0.000317;3.330584;0.086188;0.011006;0.002463;0.031232;0.015197;0.005086;0.011630;0.366284;0.015904;0.000001;0.009318;0.000003;-5.430021;3.779072;3.343413;
54.525697;0.154911;0.160994;0.027841;0.026839;1.037336;0.004766;125.162483;67;151.579404;538.655142;535.766328;0.820578;0.001769;0.193291;0.429048;0.081966;0.004775;0.001826;0.030115;0.209944;0.000000;97.538223;0.030142;0.171553;0.020474;0.276790;0.011154;0.042714;0.000662;3.438185;0.110273;0.011113;0.003026;0.043418;0.022333;0.003409;0.009152;0.259611;0.014605;0.000000;0.013845;0.000001;-5.475658;3.521706;3.777850;
72.819873;0.328597;0.246732;0.017971;0.025060;0.717136;0.000977;125.329285;67;229.452596;581.379661;970.362171;0.492407;0.001900;0.193169;0.428310;0.081555;0.004599;0.001827;0.025730;0.200263;0.000000;97.334953;0.010912;0.160228;0.006471;0.217849;0.018652;0.008033;0.000288;1.169965;0.082678;0.009176;0.002843;0.063029;0.015242;0.005025;0.015091;0.204903;0.014712;0.000000;0.011438;0.000002;-5.316936;3.220648;4.140013;
73.698191;0.328698;0.250291;0.015920;0.016330;0.974920;0.005271;125.558861;67;227.931039;486.988628;387.305713;0.815786;0.001894;0.193424;0.428019;0.081281;0.004602;0.001824;0.025791;0.200213;0.000000;97.186775;0.009742;0.188807;0.006526;0.156671;0.017715;0.000040;0.001120;1.168280;0.059400;0.007699;0.001765;0.076803;0.017836;0.005319;0.017939;0.130920;0.016267;0.000000;0.018456;0.000001;-5.376508;3.144153;4.559322;
59.115387;0.385785;0.288251;0.021192;0.024363;0.869813;-0.000605;125.830605;67;226.125384;482.149049;933.797709;0.421711;0.001762;0.193266;0.428098;0.081581;0.004766;0.001823;0.030365;0.210278;0.000000;97.335320;0.006900;0.227250;0.014162;0.173327;0.015634;0.000015;0.000951;3.393924;0.105529;0.006036;0.004740;0.051375;0.033007;0.002662;0.012244;0.133549;0.013635;0.000000;0.009932;0.000002;-5.219407;2.809516;4.332955;
67.436338;0.422530;0.298609;0.022631;0.027294;0.829129;0.002576;125.997292;67;179.268670;442.420200;326.441309;0.939814;0.001659;0.193262;0.428170;0.081630;0.004897;0.001822;0.033863;0.217998;0.000000;97.241737;0.011987;0.245620;0.004152;0.109115;0.006989;0.000062;0.004033;5.100884;0.121117;0.006887;0.006573;0.033918;0.025380;0.002672;0.009935;0.191598;0.007175;0.000000;0.012397;0.000003;-5.491646;2.203918;4.405801;
74.026898;0.292637;0.225741;0.022682;0.027207;0.833703;0.002024;125.998383;67;160.595001;573.847439;674.059856;0.698299;0.001860;0.193207;0.428494;0.080799;0.004644;0.001830;0.026896;0.202255;0.000000;97.098663;0.018787;0.100226;0.016240;0.072210;0.004662;0.002748;0.001169;1.762699;0.165499;0.009616;0.006875;0.031495;0.047670;0.002071;0.004775;0.183771;0.013246;0.000000;0.008652;0.000005;-5.108655;2.164921;4.655731;
62.863545;0.307808;0.228964;0.024610;0.034274;0.718031;0.000841;125.999199;67;155.739679;557.729187;1222.464532;0.412383;0.001820;0.193408;0.428314;0.080861;0.004689;0.001824;0.028144;0.204975;0.000000;96.741837;0.014446;0.181771;0.022004;0.057061;0.005970;0.147492;0.001585;2.314786;0.095201;0.012829;0.006059;0.031471;0.032266;0.003179;0.004668;0.120638;0.015040;0.000000;0.016101;0.000003;-4.572622;2.282263;5.255468;
59.728755;0.417729;0.286704;0.021403;0.044769;0.478088;0.009275;125.825874;71;296.570390;1213.856255;362.284606;1.918672;0.001686;0.193173;0.429390;0.207005;0.004585;0.001741;0.030375;0.405922;0.000000;95.622780;0.031420;2.759533;0.017503;0.108188;0.070753;0.000233;0.259236;4.509233;0.271065;0.005160;0.007776;0.027332;0.044196;0.002199;0.004058;0.310542;0.011789;0.000000;0.005194;0.000006;-5.023378;1.464596;6.328879;
60.301685;0.498046;0.356571;0.023112;0.050389;0.458667;0.004128;125.898361;89;307.873840;1340.334499;959.737032;1.093548;0.000710;0.193184;0.371306;19.631287;0.002497;0.000833;0.022853;10.244763;-0.566826;94.102692;0.002973;44.826988;0.349304;1.019212;11.191429;0.273533;1.869633;15.167836;0.311250;0.001675;0.004581;0.346515;0.038270;0.062093;5.219724;0.687323;0.000923;0.000140;0.011171;0.000005;-0.299571;3.075766;7.336259;
73.970766;0.629660;0.396244;0.028592;0.060385;0.473504;0.003704;125.996208;91;295.255351;1015.573622;689.251237;1.051449;0.001699;0.193475;0.430842;0.126059;0.004603;0.001777;0.027778;0.239615;-0.001034;96.069855;0.006223;1.307275;0.003941;0.106340;2.161036;0.000543;0.052759;2.970081;0.079096;0.001388;0.000551;0.292589;0.006054;0.074662;0.033758;0.599695;0.001512;0.000003;0.020859;0.000001;-3.871623;2.920500;6.149989;
74.787988;0.645596;0.420001;0.030883;0.065148;0.474037;0.001684;125.997971;91;295.460484;640.114258;904.838945;0.546933;0.001876;0.193582;0.430662;0.084099;0.004571;0.001819;0.026409;0.206171;-0.000002;96.689400;0.088402;0.320322;0.031716;0.341423;0.302017;1.439863;0.008485;1.651693;0.487819;0.006393;0.001416;0.119563;0.006311;0.025733;0.013668;0.485310;0.003167;0.000035;0.012769;0.000001;-4.828797;2.649490;5.316235;
64.924507;0.778995;0.489248;0.032889;0.088257;0.372649;0.000645;125.999146;91;163.911567;529.830787;483.319784;0.831663;0.001804;0.193941;0.430822;0.084381;0.004545;0.001807;0.030652;0.216948;-0.000000;95.854980;0.246613;0.191715;0.000451;0.541758;0.382058;0.002215;0.001563;3.613310;1.896968;0.006739;0.012804;0.108024;0.005005;0.010943;0.005909;0.485123;0.004155;0.000001;0.003863;0.000003;-6.047234;2.146862;6.406903;
71.250332;0.781900;0.483545;0.032712;0.108730;0.300861;-0.000922;126.025818;91;277.166758;661.890433;785.883011;0.639462;0.001907;0.193485;0.433239;0.088107;0.004323;0.001810;0.024182;0.211223;-0.000000;95.691307;0.049226;0.721491;0.022754;0.353353;0.260659;0.913992;0.001749;0.658659;1.220660;0.008953;0.005542;0.089639;0.005643;0.014455;0.003173;0.754482;0.011348;0.000059;0.011217;0.000005;-5.617445;2.528824;6.686658;
66.901934;0.735161;0.479316;0.024841;0.136055;0.182578;0.004709;126.171486;91;298.851426;535.378311;784.187991;0.506702;0.001933;0.193124;0.433199;0.086641;0.004397;0.001825;0.023939;0.206607;-0.000000;95.443253;0.011469;0.516630;0.007880;0.191601;0.143995;0.001888;0.001408;0.468347;0.757050;0.009203;0.007164;0.051772;0.003026;0.003485;0.002302;0.732074;0.015908;0.000001;0.001099;0.000010;-5.755454;1.891497;6.958040;
69.401372;0.667133;0.413041;0.029110;0.122667;0.237313;0.006743;126.225632;91;191.942129;642.892056;783.644012;0.670166;0.001908;0.193092;0.432098;0.087600;0.004379;0.001804;0.023787;0.207446;-0.000000;95.403625;0.022577;0.775936;0.036620;0.297496;0.159887;1.230119;0.001149;0.397183;0.583844;0.011553;0.007244;0.044731;0.008573;0.008318;0.005298;0.605914;0.015979;0.000007;0.002053;0.000010;-5.544930;1.694066;6.923832;
62.889359;0.685627;0.430101;0.030259;0.133509;0.226641;-0.002045;126.350662;91;194.197657;573.530334;648.549222;0.696945;0.001903;0.193250;0.430448;0.084364;0.004486;0.001815;0.025463;0.204962;-0.000000;95.158173;0.071389;0.372984;0.002567;0.360054;0.403257;0.001908;0.001357;1.115143;0.659543;0.008153;0.018566;0.065203;0.008662;0.008501;0.010133;0.421878;0.014521;0.000000;0.001272;0.000008;-5.195552;1.118384;7.220870;
62.187008;0.662488;0.449643;0.021890;0.154512;0.141673;0.003214;126.228188;91;285.573942;555.955875;2037.140318;0.257356;0.001868;0.193135;0.430216;0.084181;0.004501;0.001810;0.025268;0.205211;-0.000000;95.186562;0.023336;0.517437;0.009486;0.081458;0.030697;0.042010;0.001343;1.056060;0.350365;0.008477;0.012282;0.023931;0.008247;0.003910;0.002694;0.344818;0.014399;0.000000;0.001517;0.000011;-5.170447;1.889991;7.212219;
62.370308;0.737047;0.458300;0.019069;0.174303;0.109404;0.001126;126.486336;91;295.436288;577.660141;1041.122793;0.483683;0.001905;0.193063;0.429875;0.082711;0.004533;0.001824;0.025035;0.201435;-0.000000;95.375404;0.022728;0.277544;0.004027;0.108040;0.010898;0.003945;0.000534;0.843709;0.251384;0.007759;0.012907;0.023533;0.008842;0.003449;0.001903;0.347986;0.014390;0.000000;0.001397;0.000019;-5.111323;1.966953;6.964652;
61.647994;0.742220;0.462706;0.013611;0.188242;0.072304;0.002161;126.875595;91;178.005308;390.217724;819.477469;0.433878;0.001950;0.193145;0.429112;0.081679;0.004555;0.001832;0.024950;0.198086;-0.000000;95.878334;0.043826;0.066578;0.002106;0.287047;0.014234;0.000059;0.000303;0.669537;0.253205;0.007330;0.011633;0.052559;0.013728;0.002541;0.002644;0.287038;0.009939;0.000000;0.001711;0.000007;-4.973654;2.061412;6.394125;
63.703832;0.770146;0.466365;0.012312;0.161565;0.076202;0.002070;126.753624;91;185.855980;432.511262;1134.260557;0.543568;0.001934;0.193387;0.429428;0.081359;0.004595;0.001826;0.025285;0.197834;-0.000000;96.013206;0.076009;0.094955;0.023338;0.144287;0.009747;1.443726;0.001130;0.815783;0.090353;0.010640;0.005334;0.047590;0.006879;0.004205;0.003232;0.249155;0.009535;0.000001;0.003033;0.000006;-5.089939;1.879461;6.299370;
66.108869;0.787874;0.469915;0.011253;0.171832;0.065489;0.006389;126.821747;91;193.842650;511.740725;1306.985143;0.365065;0.001760;0.193639;0.428575;0.098672;0.004224;0.001704;0.022886;0.223255;-0.000000;95.401840;0.009009;2.462435;0.226648;0.037124;0.035415;10.109623;0.001046;0.203891;0.046306;0.015935;0.001421;0.076423;0.016602;0.011176;0.020760;0.157307;0.010308;0.000030;0.028859;0.000007;-4.019235;1.082440;6.979648;
63.814814;0.798920;0.485945;0.016431;0.170771;0.096217;0.004265;126.958153;91;128.829354;495.397946;500.562764;0.883254;0.001849;0.193078;0.429169;0.085665;0.004443;0.001783;0.024584;0.206602;-0.000000;94.869148;0.014127;0.906361;0.023358;0.099032;0.019734;0.016688;0.007219;0.743714;0.196220;0.007736;0.012003;0.028709;0.014115;0.002997;0.003366;0.198279;0.016321;0.000001;0.001887;0.000021;-4.641142;1.491953;7.499142;
68.268897;0.790809;0.483411;0.016221;0.198633;0.081665;0.003170;126.996841;91;145.794220;488.531642;359.762168;1.004599;0.001796;0.193152;0.428653;0.083544;0.004617;0.001802;0.027362;0.208486;-0.000000;94.888748;0.020950;0.565637;0.006903;0.103009;0.019473;0.000058;0.009108;2.164021;0.120541;0.007284;0.010492;0.036190;0.010580;0.002349;0.004299;0.170278;0.008413;0.000000;0.001220;0.000020;-5.079137;1.860891;7.502219;
69.301527;0.767573;0.460874;0.011898;0.211061;0.056373;0.002669;126.913193;91;182.806184;546.324385;539.052641;0.776455;0.001863;0.193189;0.429261;0.083273;0.004554;0.001812;0.025803;0.204293;-0.000000;95.152222;0.038179;0.429194;0.005665;0.088435;0.078196;0.000080;0.002196;1.304875;0.226826;0.005868;0.019556;0.070231;0.018458;0.006346;0.006406;0.276780;0.008721;0.000001;0.001221;0.000021;-4.920755;1.331640;7.256295;
74.024257;0.693901;0.445850;0.021147;0.168048;0.125839;0.001410;126.955841;91;230.050454;660.056722;548.164130;0.883143;0.001911;0.193142;0.429276;0.081951;0.004574;0.001826;0.025519;0.200437;-0.000000;95.441574;0.043681;0.165479;0.004414;0.196860;0.050531;0.000096;0.002119;1.048217;0.226227;0.006629;0.012815;0.109970;0.016093;0.005691;0.008752;0.277933;0.009970;0.000000;0.001730;0.000010;-5.077306;1.175385;6.900492;
63.530064;0.683609;0.436480;0.021292;0.140661;0.151369;0.004089;126.996033;91;269.010300;568.613401;695.893876;0.604297;0.001925;0.193080;0.429657;0.082828;0.004551;0.001831;0.025110;0.200938;-0.000000;95.112923;0.017948;0.190615;0.007653;0.307847;0.100457;0.000348;0.001278;0.891332;0.250961;0.005441;0.008365;0.106669;0.010761;0.008282;0.016090;0.370209;0.007167;0.000000;0.002731;0.000010;-4.807151;1.064819;7.266277;
60.020131;0.628540;0.417851;0.021410;0.141435;0.151375;0.001013;126.862396;91;156.636974;475.337349;540.883219;0.695866;0.001937;0.193105;0.428825;0.082610;0.004482;0.001815;0.023924;0.198965;0.000000;94.338799;0.013702;0.386445;0.012607;0.123775;0.211120;0.000757;0.003691;0.169757;0.168508;0.007261;0.005544;0.128797;0.019576;0.006913;0.009306;0.202091;0.011045;0.000001;0.001345;0.000009;-3.746541;0.439242;8.056296;
60.650086;0.552643;0.376565;0.020443;0.155992;0.131051;0.000072;126.811913;91;147.642291;704.560312;839.737356;0.736088;0.001950;0.193031;0.428382;0.082654;0.004478;0.001818;0.023904;0.198344;0.000000;94.612556;0.011830;0.306247;0.006537;0.191972;0.424475;0.080929;0.001240;0.156573;0.252310;0.007658;0.006924;0.236638;0.046323;0.015130;0.014057;0.193277;0.008165;0.000001;0.001782;0.000006;-4.349865;0.539892;7.757579;
61.943390;0.714691;0.465150;0.025110;0.167844;0.149603;0.002023;126.859467;91;265.610350;644.211951;939.459033;0.589088;0.001946;0.193060;0.427999;0.082256;0.004501;0.001817;0.024051;0.197562;0.000000;94.910217;0.015818;0.291588;0.018099;0.157839;0.201555;0.308477;0.001502;0.199205;0.134567;0.006990;0.005838;0.190592;0.039082;0.012729;0.012781;0.134299;0.012012;0.000001;0.002781;0.000007;-4.168889;0.593028;7.471964;
62.826823;0.758504;0.468883;0.026659;0.136725;0.194984;-0.000893;126.981346;91;250.531650;584.364263;1699.679934;0.311193;0.001921;0.192813;0.427595;0.083888;0.004466;0.001802;0.023907;0.200067;0.000000;95.016205;0.013285;0.541293;0.014508;0.173026;0.127430;1.413886;0.001527;0.224737;0.094190;0.009955;0.007658;0.117297;0.024784;0.009824;0.014175;0.176574;0.012616;0.000013;0.004464;0.000006;-4.417902;0.898727;7.205637;
68.425469;0.780148;0.473873;0.032706;0.108885;0.300372;0.000132;126.948219;91;347.511079;562.200294;1306.328399;0.365173;0.001903;0.193058;0.428520;0.081854;0.004581;0.001826;0.025450;0.200423;0.000000;95.279480;0.019538;0.188204;0.014227;0.136724;0.089027;0.416875;0.001923;1.039621;0.138703;0.006048;0.005852;0.161322;0.011310;0.020003;0.018840;0.254784;0.010069;0.000001;0.004118;0.000005;-4.862181;1.061214;7.060620;
66.508644;0.796195;0.488044;0.029206;0.145366;0.200910;-0.000181;127.000206;91;208.740169;455.966184;466.003366;0.691067;0.001885;0.193093;0.428872;0.083934;0.004615;0.001827;0.026370;0.203700;0.000000;95.641602;0.014720;0.228695;0.001882;0.503877;0.108072;0.001140;0.003312;1.623480;0.170016;0.004618;0.010484;0.186635;0.012707;0.014303;0.032491;0.304586;0.011508;0.000000;0.002409;0.000005;-5.201648;1.074687;6.704006;
61.689589;0.922090;0.549633;0.016047;0.225929;0.071026;0.000642;126.968292;91;170.547186;529.089331;462.623826;0.863082;0.001902;0.193158;0.429509;0.081784;0.004599;0.001832;0.025624;0.200699;0.000000;95.711571;0.009601;0.153160;0.001700;0.215901;0.018853;0.514726;0.000914;1.141124;0.099631;0.005718;0.006578;0.102028;0.011717;0.008405;0.013939;0.280887;0.021648;0.000001;0.003676;0.000006;-5.418272;0.970389;6.667214;
72.011893;0.817232;0.497165;0.026885;0.203514;0.132106;-0.000039;127.000092;91;227.227504;486.415785;449.194625;0.743997;0.001849;0.193253;0.430200;0.082800;0.004622;0.001828;0.026427;0.204598;0.000000;95.501808;0.002795;0.275304;0.006282;0.108461;0.012331;0.185511;0.003197;1.681040;0.100477;0.007137;0.008634;0.094443;0.010674;0.005858;0.007906;0.358626;0.019039;0.000002;0.009393;0.000010;-5.247642;0.996944;6.899524;