#HR;RMSSD;SDNN;LF;HF;SVB;SCL;SD;PEAKS;Alpha;Beta;Theta;Engagement;Anger;Contempt;Disgust;Engagement;Fear;Joy;Sadness;Surprise;Valence;Attention;Browfurrow;BrowRaise;Cheekraise;Chinraise;Dimpler;Eyeclosure;Eyewiden;InnerBrowraise;Jawdrop;Lidtighten;Lipcornerdepressor;Lippress;Lippucker;Lipstretch;Lipsuck;Mouthopen;Nosewrinkle;Smile;Smirk;Upperlipraise;Pitch;Roll;Yaw
78.269005;0.390075;0.253457;0.002564;0.006458;0.396973;0.018157;98.672943;17;397.495454;999.457912;1221.682538;0.632065;0.001360;0.197174;0.437711;0.090621;0.005403;0.001863;0.059857;0.259568;-0.001057;96.759186;0.057839;0.145324;0.014753;0.189833;0.002759;0.000188;0.001449;12.275906;0.267240;0.014082;1.633094;0.011762;0.001249;0.001147;0.014689;1.424332;0.013131;0.000006;0.196936;0.000002;-5.551431;1.252175;5.075823;
71.510376;0.391113;0.259804;0.007346;0.017958;0.409062;0.014803;98.985222;17;275.579499;844.396151;727.899453;0.866504;0.000981;0.194249;0.434619;0.090648;0.006354;0.001852;0.121939;0.319259;-0.000001;96.675400;0.021317;0.199182;0.000285;0.505437;0.016710;0.000047;0.000344;22.405088;0.475136;0.005780;1.632498;0.031714;0.006032;0.001177;0.015806;1.070613;0.007481;0.000002;0.063057;0.000002;-5.817546;0.635522;5.187851;
63.451196;0.357661;0.262670;0.016400;0.030016;0.546388;0.002711;98.997375;17;460.444789;2154.302106;1969.086297;0.888495;0.000979;0.193829;0.436846;0.087962;0.006696;0.001849;0.139766;0.324312;-0.006870;97.534538;0.027239;0.240369;0.009900;0.183642;0.028141;0.001038;0.001194;23.379873;0.136752;0.012014;0.410028;0.072155;0.003506;0.020876;0.030043;1.051679;0.065173;0.000033;0.041552;0.000013;-4.979522;-0.178067;3.682811;
67.881985;0.264915;0.194386;0.014276;0.031082;0.459305;0.008036;99.186195;17;1653.787696;4853.752881;1807.254277;1.449298;0.007599;0.193397;0.832725;5.602570;0.005243;0.003502;0.035982;0.646004;-0.000007;97.555481;0.044256;0.869072;0.104494;0.040654;0.015188;0.305623;0.008267;10.635835;0.384479;0.016718;0.264065;0.228243;0.001911;0.012255;0.034691;27.285639;0.039023;0.001676;0.018545;0.000180;-4.759634;-1.223035;3.613737;
74.842175;0.268013;0.197408;0.010590;0.023420;0.452191;0.019360;99.750954;17;629.615066;4000.390721;1340.791886;2.256920;0.016793;0.193675;1.598423;18.106232;0.005057;0.006881;0.006967;1.571705;-0.000000;96.623413;0.028405;0.284893;0.001666;0.025457;0.002575;0.000336;0.006663;10.004963;1.443425;0.006133;0.428512;0.019523;0.001036;0.003378;0.007578;69.091209;0.011366;0.000116;0.033947;0.000274;-5.960403;-1.653727;5.326474;
70.283776;0.355104;0.240403;0.008786;0.018975;0.463060;0.004079;99.995422;17;965.419949;2856.979532;2251.346006;1.175441;0.010569;0.194151;1.250475;7.244784;0.005222;0.005350;0.011347;1.093958;-0.000000;96.609390;0.026669;0.309654;0.045236;0.087048;0.018345;0.014202;0.001779;10.641603;0.868489;0.014829;0.556553;0.076078;0.002638;0.005949;0.009503;57.250271;0.017446;0.000420;0.057524;0.000123;-5.532225;-1.886962;5.281028;
78.112315;0.298036;0.215485;0.009119;0.020892;0.436478;0.016099;100.250664;19;715.760271;2060.034593;2007.511387;0.782130;0.020015;0.193664;1.710177;17.185631;0.004654;0.007353;0.003048;1.570100;-0.000000;96.399117;0.031351;0.270356;0.003801;0.035072;0.009189;0.018139;0.003289;6.346546;2.187459;0.006943;0.318932;0.029250;0.015357;0.002569;0.001146;76.688019;0.012994;0.000028;0.032744;0.000441;-5.607965;-2.071720;5.591185;
64.022758;0.345593;0.233331;0.008854;0.030048;0.294652;0.014081;100.642883;20;447.902427;1627.057358;1315.672291;1.012035;0.010748;0.195388;1.088434;5.225099;0.004446;0.004675;0.006252;0.799237;-0.000000;96.365189;0.026658;0.163985;0.000483;0.046237;0.017485;0.000029;0.001914;2.138241;1.512707;0.004694;0.181901;0.019928;0.012369;0.003159;0.003650;48.878433;0.010109;0.000021;0.117180;0.000177;-6.331261;-1.386209;5.560677;
65.123510;0.355266;0.232593;0.008942;0.027618;0.323768;0.004293;100.994125;20;487.424654;1500.220960;4893.894279;0.387620;0.008084;0.193474;0.895802;2.246578;0.003962;0.003849;0.008413;0.593418;-0.000000;93.924866;0.008020;0.133700;0.001206;0.115149;0.196724;0.032859;0.000486;0.457425;3.156104;0.006439;2.266655;0.278770;0.018055;0.009553;0.031446;38.549767;0.013986;0.000149;0.027816;0.000420;-5.962384;-2.471233;8.280157;
37.799273;0.419401;0.338202;0.023994;0.039109;0.613508;0.018238;101.609131;20;231.911156;1146.832299;2087.416187;0.649577;0.018585;0.193337;1.487655;11.091131;0.003889;0.006410;0.003301;1.262242;-0.000000;94.577339;0.009840;0.192618;0.002970;0.076054;0.052061;0.003495;0.002135;2.183407;4.759042;0.005913;1.905926;0.217864;0.019308;0.003883;0.011040;68.521301;0.011783;0.000040;0.020699;0.000569;-6.334084;-1.579144;7.739446;
67.267432;0.410335;0.349985;0.038302;0.046309;0.827080;0.022393;101.947166;20;919.568390;1685.844963;4713.329316;0.327122;0.022746;0.193565;1.590553;17.173479;0.004137;0.006710;0.003638;1.328256;-0.000000;95.716530;0.005253;0.784923;0.165049;0.145914;0.515783;0.056848;0.002435;1.243797;2.444241;0.012959;0.521415;0.619398;0.034926;0.026905;0.004209;69.232422;0.054765;0.000950;0.033251;0.001458;-5.921623;-1.768237;6.511294;
62.016227;0.482942;0.376629;0.028095;0.073680;0.381312;0.007883;102.386162;20;612.474094;2064.063389;2824.189203;0.650238;0.019585;0.193404;1.530616;12.181167;0.004393;0.006593;0.002804;1.221352;-0.000000;95.384926;0.032652;0.099558;0.001026;0.210314;0.086087;0.000824;0.000329;2.035167;1.861582;0.007211;0.238668;0.377496;0.009643;0.006592;0.006434;70.048363;0.026109;0.000050;0.019716;0.007343;-6.951839;-1.074402;6.884312;
77.449640;0.459285;0.373505;0.032262;0.068377;0.471832;0.020000;102.979614;20;386.764337;1532.361348;3097.288067;0.450304;0.018550;0.193135;1.500445;13.840127;0.004555;0.006464;0.006350;1.313687;-0.000000;95.257599;0.006999;0.232781;0.000701;0.184236;0.128994;0.000006;0.000301;6.182340;2.945836;0.005525;0.087685;0.221318;0.012853;0.004220;0.007880;67.068031;0.019267;0.000018;0.011327;0.004279;-7.042254;-1.697697;7.058936;
70.815950;0.425758;0.375255;0.033141;0.063291;0.523630;0.009107;102.990982;20;544.696334;2267.426287;1896.599047;0.993418;0.011960;0.193662;1.282847;10.188868;0.004183;0.005132;0.004672;1.182085;-0.000000;95.268166;0.012244;1.906502;0.006719;0.189447;0.116028;0.142501;0.004629;3.404896;2.517783;0.006370;0.074559;0.337287;0.023237;0.010228;0.009139;59.490673;0.017148;0.000931;0.036577;0.002447;-6.518056;-1.770188;7.000704;
73.635815;0.342635;0.281048;0.035588;0.054754;0.649966;0.003981;103.050377;20;736.468822;5663.845081;3262.241333;1.495973;0.322219;0.366904;0.401861;8.072876;0.004350;0.002173;0.014894;0.313652;-9.722337;94.454475;0.005978;1.730062;0.007086;12.825725;19.173685;0.000282;0.014913;0.923526;0.162097;0.004561;0.016200;8.521718;1.352396;0.033567;21.466345;8.581214;0.012848;0.000006;2.250897;0.000107;-6.209008;-2.601581;7.938474;
69.628938;0.156677;0.163809;0.039224;0.048254;0.812867;0.008057;103.441261;20;817.453210;5964.074330;1017.124883;3.353795;1.292692;88.435669;0.005575;40.354839;0.004583;0.001714;0.003270;0.220255;-44.600647;95.606148;0.012457;2.099318;0.000549;47.658817;91.321808;0.000001;0.045021;1.142841;0.000608;0.005066;0.008288;31.172340;0.210910;2.114577;92.329239;0.074354;0.001902;0.000035;84.070129;0.000000;-7.741994;-3.364667;6.761354;
74.477965;0.030031;0.060291;0.010567;0.022762;0.464247;0.006204;103.869499;20;298.528719;3192.307658;833.289148;2.808741;0.587936;11.184712;0.695322;10.970650;0.004283;0.003286;0.008502;0.527824;-11.092463;95.940086;0.021065;1.393815;0.002493;17.063251;18.527361;0.000007;0.026870;0.493164;1.382601;0.003137;0.006535;6.299066;0.040142;0.761466;18.972143;27.825153;0.010635;0.000015;12.522552;0.000409;-7.615472;-1.387876;6.244872;
78.315292;0.023297;0.063295;0.002034;0.005902;0.344571;0.027296;104.107193;20;287.541094;1763.116208;693.717856;1.811668;0.005079;0.206426;0.671756;1.803523;0.003944;0.002786;0.015875;0.481999;-0.013332;96.163399;0.043472;1.276643;0.000971;0.256378;0.170594;0.000000;0.083855;1.025259;4.276408;0.002569;0.004638;0.135805;0.054787;0.005739;0.068121;19.738354;0.007501;0.000025;0.022510;0.000369;-8.736848;-1.571114;5.950885;
76.665041;0.022001;0.063212;0.000987;0.000385;2.562430;0.034870;105.297966;22;417.593928;2909.537095;1478.673542;2.531310;0.004699;0.193255;0.690099;0.671218;0.004334;0.002898;0.010834;0.401597;-0.000015;95.922150;0.038991;0.670000;0.071272;0.186965;0.032596;0.039738;0.032701;0.308012;1.060094;0.005612;0.003089;0.169750;0.002696;0.006273;0.026807;25.683189;0.014508;0.000057;0.010207;0.000460;-7.324047;-1.820368;6.290774;
74.679397;0.021874;0.062955;0.000894;0.000250;3.578494;0.009408;106.016891;24;576.623493;1961.008079;5845.662599;0.332887;0.005807;0.193051;0.754044;1.414406;0.004205;0.003184;0.010520;0.471607;-0.000000;96.470741;0.020744;0.406324;0.409052;0.113577;0.086534;0.084289;0.013554;0.401987;2.243816;0.011072;0.003050;0.196488;0.034712;0.003712;0.009791;28.634884;0.054833;0.000051;0.004114;0.000703;-6.532540;-0.941362;5.506071;
79.966578;0.020061;0.054251;0.000894;0.000286;3.121650;-0.001356;106.001213;24;895.857064;3881.026181;6917.440078;0.514414;0.014613;0.193239;1.229485;7.770493;0.003992;0.005162;0.005332;0.947934;-0.000000;96.455818;0.066376;0.256655;0.760646;0.095290;0.070249;0.232643;0.004856;0.535145;4.113347;0.036346;0.002499;0.122105;0.088401;0.005333;0.004272;53.747936;0.097628;0.000502;0.005465;0.003414;-7.143057;-1.028750;5.500857;
72.416249;0.085216;0.097624;0.001735;0.003585;0.483962;0.009920;105.990181;24;913.454609;3591.280809;2407.552892;1.285796;0.004162;0.193235;0.639550;0.624230;0.004287;0.002732;0.014525;0.378784;-0.000000;95.934921;0.016956;0.261162;0.004734;0.684476;1.326129;0.001811;0.003987;1.276658;2.212552;0.004227;0.003032;0.431366;0.027516;0.042233;0.108760;20.341879;0.033405;0.000158;0.013766;0.000492;-7.492989;-0.744831;6.174439;
62.455342;0.264815;0.194164;0.005820;0.010269;0.566689;-0.005034;106.004761;24;595.396161;4482.606588;1319.616443;2.609429;0.001994;0.193096;0.477294;0.152325;0.004598;0.002050;0.031647;0.286119;-0.000000;95.381920;0.009002;0.233731;0.001495;0.945946;1.164293;0.000294;0.006391;6.516790;2.900170;0.007156;0.048828;0.688683;0.061698;0.090537;0.236601;6.178974;0.022442;0.000014;0.008328;0.000168;-7.715334;-1.175876;6.916746;
75.932678;0.383216;0.266800;0.014169;0.017475;0.810811;0.013120;105.952560;24;752.178998;4868.041102;1849.527357;1.883127;0.003322;0.193257;0.438635;0.250216;0.004501;0.001989;0.021477;0.236934;-0.000000;95.181114;0.013426;0.351933;0.063217;7.228001;13.817303;0.038102;0.004413;0.864053;0.840459;0.007352;0.005447;1.441833;0.026865;0.530684;1.798350;4.569960;0.033196;0.000314;0.015614;0.000040;-7.011605;-0.668636;6.939805;
80.671317;0.384845;0.271378;0.014877;0.017393;0.855368;-0.000423;106.000832;24;951.150806;4304.978444;2074.123910;1.463774;0.002240;0.193191;0.495450;0.167358;0.004396;0.002101;0.023999;0.280740;-0.000000;95.814445;0.016029;0.440449;0.047703;0.164016;0.334675;0.000069;0.012054;3.603355;2.558808;0.005266;0.013069;0.070859;0.029671;0.112447;0.085713;8.008885;0.007995;0.000066;0.011739;0.000060;-7.245170;-0.245798;6.356738;
66.060181;0.606516;0.408124;0.029472;0.050690;0.581409;-0.011337;105.597778;26;800.769824;3165.626758;3100.279549;0.835313;0.011402;0.193209;0.975225;8.098410;0.004456;0.004301;0.011274;0.762103;-0.000000;89.660828;0.005823;0.420295;0.004774;0.161664;6.720602;0.084484;0.005818;1.592812;1.109112;0.006654;0.008311;0.575584;0.206938;0.149331;1.406210;36.726402;0.020609;0.000104;0.013815;0.001348;-5.452234;-1.652502;9.851618;
82.824106;0.600029;0.398976;0.031978;0.048938;0.653426;0.011251;105.170547;26;528.435414;2198.122417;2306.174204;0.771022;0.003472;0.192924;0.603462;0.492477;0.004222;0.002561;0.016199;0.368722;-0.000000;86.687004;0.006840;0.573814;0.000914;0.044347;2.015703;0.772259;0.018020;1.997063;2.734959;0.003893;0.061657;0.025040;2.362145;0.044665;0.153325;17.572004;0.007107;0.000000;0.000302;0.000095;-4.532833;-1.906815;12.631828;
72.351398;0.563962;0.384147;0.032814;0.050090;0.655106;-0.007314;105.371704;27;752.800892;2446.724023;1443.375356;1.192298;0.029929;0.192936;1.803365;24.039337;0.003857;0.007829;0.003117;1.643324;-0.000000;87.129196;0.006612;0.164100;0.004082;0.010600;0.202362;0.043526;0.005449;0.621950;5.178158;0.001644;0.070866;0.133166;1.548244;0.002808;0.013944;76.014206;0.017815;0.000014;0.000866;0.001406;-4.317183;-1.410239;12.411812;
71.906300;0.555614;0.363426;0.031358;0.047565;0.659264;0.003288;105.163216;27;2055.576677;6583.072883;7323.273558;0.947708;0.018224;0.194559;0.438767;10.939234;0.004164;0.002041;0.019762;0.351437;-7.992347;90.940605;0.003866;3.907168;0.163099;34.299469;17.598177;4.146907;0.003780;2.109042;0.709598;0.011894;0.313172;4.373378;5.195167;0.272143;4.707805;7.145171;0.024319;0.000495;0.080325;0.000143;-5.693830;0.511229;10.120830;
70.782765;0.328684;0.245566;0.017791;0.042025;0.423337;0.004752;105.034744;27;1335.875993;3049.284454;3987.116506;1.012992;0.012890;0.193376;0.372028;4.132204;0.004752;0.001820;0.023731;0.200769;-4.697578;92.404305;0.020639;0.285469;0.016904;48.186749;6.859269;0.004896;0.017606;0.802476;0.220397;0.009334;0.143572;0.543401;0.015026;1.877632;3.035262;0.234940;0.009448;0.000060;0.019867;0.000018;-8.209626;1.416738;9.514187;
72.369183;0.244852;0.161572;0.017520;0.039578;0.442675;-0.006804;105.036865;28;617.413076;2703.717758;773.403236;1.963836;0.006132;0.193163;0.849898;2.119177;0.003864;0.003637;0.011596;0.689268;-0.005363;93.458252;0.024117;0.185973;0.000862;1.012958;0.075948;0.000006;0.005153;4.114381;7.313423;0.005308;0.111809;0.246010;0.146429;0.018033;0.017405;34.775867;0.025460;0.000020;0.008947;0.003418;-7.638002;0.352787;8.651195;
74.465214;0.127147;0.115235;0.006887;0.017096;0.402828;-0.017883;104.990227;28;647.240682;3848.335391;905.243716;2.491596;0.002755;0.193554;0.436123;0.332021;0.004625;0.001893;0.023780;0.219138;-0.624360;96.357857;0.052447;0.307915;0.028827;6.291950;3.229654;0.000568;0.037523;1.327315;0.214117;0.005008;0.009887;1.292337;0.004436;0.265706;0.541539;2.101626;0.009388;0.000207;0.023126;0.000071;-7.718160;-0.967354;5.493434;
73.575823;0.016915;0.055927;0.000544;0.008586;0.063314;-0.006374;104.439720;29;850.984470;4050.884450;3235.908982;1.116750;0.006749;0.193920;0.822245;2.548902;0.004675;0.003489;0.012256;0.557860;-0.000712;89.957092;0.009959;1.010645;0.114548;0.231415;2.798784;0.548324;0.257094;2.733377;0.363995;0.005810;0.012270;2.321244;0.521532;0.016107;0.367279;31.467285;0.018085;0.000059;0.048275;0.002615;-1.199655;0.457368;10.973879;
75.226915;0.014657;0.055859;0.000725;0.003245;0.223308;-0.001469;104.097000;29;804.406245;2670.357142;1138.179143;1.629946;0.002243;0.193140;0.457815;0.117191;0.004604;0.002003;0.021517;0.224202;-0.000001;88.126305;0.011739;0.063722;0.014628;0.014369;0.107826;0.000626;0.001945;0.952767;0.046671;0.001115;0.006124;0.026993;0.283706;0.005610;0.452287;5.065506;0.002276;0.000022;0.010031;0.000207;-2.072817;2.512918;12.000051;
68.126356;0.048772;0.080609;0.001268;0.002053;0.617509;-0.003120;103.975540;29;601.417244;2897.279284;997.468862;1.867356;0.002542;0.193986;0.533915;0.229836;0.004723;0.002267;0.020140;0.295189;-0.000000;91.880051;0.008377;0.356230;0.015881;0.014978;0.192847;0.000002;0.020903;3.298919;0.265225;0.000860;0.007151;0.314784;0.285957;0.004701;0.043313;11.917321;0.003180;0.000009;0.045377;0.001222;-0.957974;2.951618;9.892969;
65.976046;0.270199;0.192803;0.005444;0.008995;0.605196;-0.005495;103.384010;29;630.519310;4064.273004;1532.036388;1.931295;0.012267;0.195200;1.057858;8.505763;0.004631;0.004520;0.010736;0.780818;-0.000000;90.150948;0.009389;0.460065;0.062324;0.149892;0.384935;0.001525;0.016020;2.308134;0.219348;0.003798;0.042962;0.815434;0.073481;0.008245;0.023990;41.276413;0.018017;0.000089;0.110090;0.019826;-1.325868;3.206759;10.908741;
74.776909;0.273485;0.193250;0.006461;0.008366;0.772303;-0.019879;103.340454;30;276.841097;2366.203670;1207.263745;1.732929;0.003659;0.193006;0.587970;0.652814;0.004510;0.002488;0.018016;0.326708;-0.000000;89.214043;0.007853;0.319860;0.006561;0.072562;0.057886;0.005866;0.005408;1.336537;0.594383;0.003740;0.051643;0.199811;0.161916;0.005977;0.042328;14.815134;0.031375;0.000022;0.004527;0.019998;-2.070065;3.927570;11.441072;
79.137320;0.273673;0.198153;0.008135;0.007945;1.023865;-0.011168;103.011360;35;948.970997;4341.214204;3575.952706;0.978295;0.011619;0.110302;4.360695;11.902808;0.002477;0.003846;0.001308;0.775479;-1.296486;49.232292;0.008159;0.683671;0.061575;0.712435;0.162783;0.405740;0.004071;0.911710;0.634149;0.011340;0.006045;0.175804;0.156027;0.003763;0.026794;41.983608;3.235984;0.000779;0.001254;0.023926;-1.280028;1.174948;7.160296;
81.293726;0.250458;0.205221;0.009112;0.008389;1.086164;-0.003700;102.812248;40;1181.451545;7207.559146;5184.867118;1.244257;0.001060;0.127609;0.341465;1.673183;0.005490;0.001236;0.029602;1.242682;-0.023839;60.582592;0.030125;3.340066;0.025141;2.499139;1.628301;0.000467;0.967493;8.433798;0.149518;0.008146;0.000608;0.293230;0.607679;0.740745;0.227867;5.129621;0.034580;0.000278;0.023019;0.000583;-5.260379;3.091383;6.362083;
77.954479;0.031143;0.080070;0.010328;0.008001;1.290871;-0.016674;102.407928;45;665.331768;5384.195548;1500.384498;2.743290;0.007545;0.192896;0.810322;4.943833;0.004653;0.003333;0.021325;0.632420;-0.000028;92.091705;0.014154;1.754356;0.006048;0.810579;1.108984;0.000006;0.424182;4.359564;1.474004;0.009422;0.001072;0.075589;0.313626;0.393161;0.260740;24.484476;0.062537;0.000154;0.001255;0.008218;-10.241669;3.329154;9.528108;
74.974182;0.020165;0.054431;0.009379;0.007374;1.271891;-0.003931;102.110214;45;681.437276;3072.633423;966.502742;1.877360;0.017252;0.192129;8.520065;51.376469;0.002943;0.005829;0.001338;4.253471;-2.217115;93.237778;0.006815;13.315090;0.362204;1.677820;0.014821;0.084141;0.179846;1.185925;4.777567;0.012736;0.001208;0.123422;0.637706;0.182382;0.084410;82.791039;5.725845;0.066031;0.005384;0.871857;-12.053164;1.498126;3.493903;
68.891110;0.024117;0.066226;0.002678;0.000442;6.052811;-0.000960;102.000999;47;489.987050;4463.254683;1186.663664;2.699416;0.016621;0.137435;40.986713;39.479702;0.003117;7.284327;0.002791;1.177735;-16.818050;86.598587;0.025817;0.419162;15.784949;12.156965;0.080861;0.380201;0.183227;0.561341;1.569033;0.003827;0.005042;0.351743;25.856503;0.030001;0.397324;62.403599;22.038816;9.726707;0.059536;46.649181;-18.506300;5.869699;3.733338;
68.168171;0.025485;0.073412;0.002578;0.000353;7.295304;-0.003043;101.958771;47;553.871863;2726.052799;822.152445;1.974217;0.015307;0.195571;2.326625;63.349918;0.002770;0.013731;0.001019;9.064726;-0.019243;95.049644;0.017352;22.881628;0.025512;0.036986;0.004210;0.003984;0.080630;2.215058;0.485834;0.007402;0.002531;0.069218;7.877315;0.089184;0.040740;91.478531;0.325707;0.128210;0.207873;0.116101;-13.644729;2.697822;3.290959;
75.993311;0.027746;0.069396;0.002949;0.000201;14.656947;-0.000576;101.638268;47;940.427957;4409.951736;3164.742339;1.069943;0.004302;0.529064;0.826928;20.852610;0.008883;0.872876;0.048155;1.641264;4.064578;97.633766;0.044668;4.831063;0.101400;2.409245;9.909071;2.547206;0.014540;8.077127;0.336256;0.021484;0.009997;3.462914;0.036915;21.962477;0.168590;27.243500;0.200719;6.373091;6.049558;0.006221;-9.473187;3.934980;3.271637;
75.824437;0.078376;0.112480;0.003988;0.005433;0.734051;-0.001986;101.532455;52;957.009255;3521.248847;2741.555006;0.999370;0.001669;0.195359;0.619269;1.127377;0.005267;0.003198;0.113114;1.560994;-0.932054;97.256302;0.274866;9.624928;1.091472;0.412363;0.043114;0.007159;0.008251;23.290241;1.404917;0.160447;0.159130;0.225060;0.097603;0.035111;0.003623;16.455156;0.054367;0.007326;0.059180;0.000583;-2.799564;5.054358;3.945674;
71.635741;0.473576;0.314185;0.008303;0.031803;0.261086;-0.001543;101.452065;52;555.155909;2085.436794;2341.108678;0.791564;0.000225;0.194058;0.771478;1.903049;0.005373;0.001143;0.319819;2.248076;-0.820238;98.406471;0.201506;22.085373;10.320898;0.041293;0.007660;0.981243;0.006215;44.535027;0.261373;0.525656;0.084962;0.133974;0.155865;0.003058;0.001997;6.379800;0.059827;0.000038;0.021201;0.017853;1.736398;7.292180;1.240892;
79.330719;0.486180;0.318145;0.008938;0.030940;0.288889;-0.001427;101.677277;53;661.986487;2792.892279;2123.521438;1.007666;0.005113;0.197976;1.132212;7.506796;0.007316;0.004342;0.042194;1.194565;-0.016933;97.275917;1.275090;0.054388;0.015247;0.025818;0.000662;0.001121;0.002045;26.601601;0.548266;0.019594;0.086885;0.053938;0.008827;0.000485;0.000226;48.662502;0.038124;0.000010;0.015116;0.005980;-4.747339;5.156344;4.244847;
84.102938;0.486390;0.327720;0.012648;0.030705;0.411917;-0.002417;101.458099;54;462.442565;962.344081;778.548363;0.755313;0.001422;0.195847;0.605571;1.325390;0.009354;0.002478;0.928000;0.732598;-3.706762;97.421860;0.721646;0.067418;0.000918;0.108225;0.004516;0.000002;0.003653;40.474461;0.512128;0.009273;1.544428;0.096696;0.003967;0.000659;0.002588;13.793835;0.008568;0.000001;0.015703;0.000770;-5.011657;2.579820;3.981278;
65.298585;0.460123;0.332278;0.013535;0.030741;0.440272;-0.002987;101.840225;54;520.894572;839.355868;721.786561;0.674371;0.001804;0.196668;0.511947;0.168829;0.005364;0.002124;0.040021;0.306333;-0.004325;97.580780;0.438536;0.128759;0.002366;0.350467;0.010778;0.000019;0.002893;11.104567;0.549113;0.021717;0.807496;0.164766;0.003463;0.001799;0.009428;9.902954;0.012610;0.000002;0.105187;0.000179;-5.058317;2.430226;3.667343;
57.363722;0.113343;0.175995;0.015882;0.033474;0.474461;-0.021076;101.440094;66;426.525677;721.657309;2734.406092;0.257216;0.001080;0.202209;0.534498;0.667009;0.006138;0.001870;0.213334;0.991073;-1.227153;98.027451;0.289964;7.683577;0.521841;0.115784;0.009907;0.007335;0.005843;27.513577;0.589149;0.056746;0.402546;0.131601;0.030179;0.001657;0.007687;11.746620;0.020193;0.000002;0.386799;0.000252;-2.045483;4.916753;2.549709;
53.908151;0.081161;0.173854;0.023867;0.039482;0.604512;0.009112;101.862213;76;347.182528;600.289684;1555.457050;0.348967;0.001403;0.194330;0.542447;0.284366;0.006513;0.002306;0.114690;0.459510;-0.049248;97.373322;0.064776;0.108854;0.094855;0.111871;0.088576;0.000011;0.000576;24.570221;1.554154;0.007790;0.808521;0.324308;0.020382;0.002782;0.001722;11.990826;0.025211;0.000004;0.058550;0.000432;-5.049048;1.313513;4.042367;
51.539031;0.306940;0.303411;0.048532;0.047876;1.013710;-0.006072;102.005730;80;362.526472;848.900700;1005.114666;0.629081;0.005957;0.193796;0.841364;1.664640;0.004669;0.003487;0.012049;0.578636;-0.000056;96.874435;0.179036;0.592784;0.036849;0.157726;0.004335;0.001203;0.000619;5.183701;1.392780;0.011083;0.137905;0.028129;0.005089;0.003759;0.000588;35.607555;0.062444;0.000015;0.012309;0.002399;-6.327754;1.114974;4.864771;
64.827585;0.327907;0.278919;0.041483;0.014196;2.922132;-0.001596;102.343315;98;377.635910;559.524226;1016.054194;0.411928;0.003465;0.193034;0.738931;0.783733;0.004874;0.003131;0.023647;0.572359;-0.000000;95.823669;0.010527;0.293483;0.008923;0.071494;0.009531;0.000006;0.000687;12.152814;3.888657;0.003959;0.351226;0.028373;0.009935;0.001022;0.003040;29.476322;0.069765;0.000003;0.005060;0.002226;-5.998196;-0.000137;6.402533;
68.439108;0.326479;0.255896;0.039415;0.014236;2.768752;0.002924;102.950340;102;299.886825;698.509536;707.918355;0.721146;0.003552;0.193022;0.662350;0.554156;0.004060;0.002815;0.017010;0.449087;-0.000000;96.218330;0.007371;0.225398;0.001139;0.178079;0.063094;0.013482;0.001121;5.618428;5.616619;0.005114;0.821906;0.055237;0.023286;0.002182;0.007534;23.380215;0.049271;0.000003;0.004943;0.000747;-5.904933;-0.305750;5.838729;
67.358622;0.324274;0.260889;0.031770;0.015374;2.066455;0.000989;102.707535;104;484.274081;2194.919125;4692.741846;0.419180;0.014897;0.194563;1.282351;9.766643;0.004873;0.005369;0.022181;1.005227;-0.000000;96.641006;0.038317;0.688813;0.129745;0.322561;6.211684;0.978478;0.003633;6.177544;0.690984;0.015969;0.136842;0.791070;0.009979;0.084426;0.143552;53.466602;0.124162;0.000342;0.068637;0.013832;-5.399436;0.446351;5.246861;
68.949165;0.244491;0.235116;0.022256;0.019019;1.170196;0.042211;102.946075;107;610.841267;2643.610082;1818.682210;1.131810;0.002040;0.193538;0.406002;0.152178;0.004349;0.001794;0.043893;0.251103;-0.029602;94.528137;0.003014;1.028120;0.001291;5.185830;11.780776;0.001915;0.005973;6.355361;2.215881;0.006460;3.709924;0.583567;0.006007;0.168011;1.321968;0.506979;0.012486;0.000005;0.023214;0.000039;-6.547354;0.795908;7.809080;
75.505350;0.031318;0.077720;0.025898;0.014899;1.738189;-0.011046;103.099152;111;519.054722;3099.482591;1393.764284;1.643526;0.001033;0.191900;0.486258;3.291878;0.002075;0.001120;0.012060;1.676826;-0.000048;93.749046;0.001782;27.173120;0.206806;0.385413;23.538826;0.000025;0.038261;0.616037;2.445357;0.007360;1.157629;0.351479;0.137263;1.392303;1.986893;10.924973;0.091566;0.083261;0.004773;0.002506;-13.764968;3.055418;7.772931;
85.253716;0.030036;0.089558;0.014225;0.012267;1.159602;0.001433;102.998810;113;359.594174;2086.071496;566.782302;2.281236;0.001729;0.192852;0.604947;1.841443;0.002704;0.001643;0.008078;1.009025;-0.000000;92.616600;0.000536;17.348139;0.200644;0.069520;4.868144;0.000007;0.005086;1.054663;3.522365;0.005942;0.022222;0.088214;1.594327;3.924534;1.584417;22.855932;0.114269;0.009630;0.001466;0.005380;-14.707417;4.408473;9.359518;
74.142269;0.032964;0.090612;0.004621;0.000650;7.111866;-0.005102;103.005127;117;349.348758;2355.630798;578.138817;2.538007;0.023558;0.195724;1.655915;22.307585;0.003763;0.006922;0.005139;1.499680;-0.000000;93.553871;0.021483;2.702630;0.003693;0.041713;0.479862;0.000005;0.052880;1.551028;4.558852;0.003634;0.023248;0.190902;0.525366;1.183993;0.107840;63.439941;0.233659;0.251470;0.304057;0.689565;-12.219014;2.145252;8.640988;
73.840772;0.037256;0.078285;0.003890;0.000611;6.367204;-0.002844;102.974365;121;270.297513;2795.882316;729.926225;2.832022;0.042120;0.231529;2.265838;38.201717;0.004574;0.009926;0.001285;1.979134;-0.000000;95.606911;0.327437;0.181849;0.001597;0.029517;0.020261;0.000000;0.028945;1.422266;0.585446;0.004953;0.000204;0.115910;0.005122;0.444133;0.033916;92.004868;0.127244;0.259927;1.754429;0.217026;-10.980436;1.783487;6.658873;
63.888314;0.288560;0.246782;0.018147;0.023227;0.781299;0.000338;102.925598;121;501.091235;2854.270654;946.709978;1.992209;0.039686;0.197891;2.439789;42.884823;0.005033;0.009838;0.001649;2.279570;-0.000000;94.223114;0.679493;0.194973;0.005346;0.010676;0.049741;0.000081;0.014156;5.871734;0.545604;0.008602;0.004160;0.099339;0.004277;0.020311;0.000665;95.109428;0.077577;0.001891;0.120956;0.654548;-5.952375;0.354999;8.006505;
54.072937;0.543988;0.390960;0.034814;0.046032;0.756307;0.008813;102.991348;122;682.359521;2527.464477;753.386554;1.830573;0.028031;0.193692;1.911302;22.623901;0.004052;0.008092;0.001825;1.717782;-0.000000;94.038483;0.059906;0.203439;0.001261;0.388066;0.105700;0.002320;0.000539;2.171704;4.580426;0.007100;0.063221;0.078306;0.037842;0.010689;0.000656;82.212830;0.118226;0.000196;0.028512;0.185528;-8.255650;1.127434;8.259599;
73.032488;0.603349;0.414728;0.043307;0.057476;0.753487;-0.004759;102.939690;123;290.030956;1201.578357;2480.998170;0.435085;0.024695;0.193964;1.755713;18.462517;0.004582;0.007413;0.002403;1.437005;-0.000000;94.852654;0.090479;0.239641;0.016219;0.071718;0.027365;0.010166;0.002803;2.412535;0.880783;0.013723;0.025715;0.048857;0.011565;0.006291;0.001363;76.910683;0.108035;0.000112;0.036326;0.150836;-7.899545;1.331934;7.466336;
76.191357;0.603073;0.410670;0.044126;0.057567;0.766507;-0.001544;102.268394;125;400.926443;890.076762;2555.997634;0.354265;0.011850;0.194021;1.162371;4.617235;0.004522;0.004898;0.004788;0.801988;-0.000000;94.970840;0.066096;0.266824;0.016878;0.059436;0.011222;0.040244;0.001038;1.526985;0.718838;0.009348;0.026457;0.058443;0.005258;0.003318;0.002063;53.865757;0.107615;0.000224;0.043524;0.115387;-8.114601;0.810341;7.311976;
75.212169;0.577613;0.416935;0.040264;0.057796;0.696667;-0.002979;102.002777;126;422.389744;952.147380;2751.957509;0.340955;0.013823;0.167226;1.228522;14.783104;0.003720;0.114516;0.003045;1.468458;2.964895;96.435287;0.059906;3.891135;0.553290;0.111640;0.092335;0.149735;0.018470;0.634200;0.861765;0.008175;0.018278;1.736800;0.008761;0.074818;0.102056;64.195839;0.511770;4.401848;0.099088;0.144788;-9.766888;0.160369;4.334239;
73.584687;0.256409;0.234898;0.038519;0.057692;0.667655;0.007235;102.031479;126;537.862645;1330.320175;2653.378319;0.463533;0.010296;0.193337;1.113414;3.042463;0.004589;0.004706;0.004919;0.685110;0.003373;97.695976;0.160904;0.165363;0.198644;0.077288;0.066497;0.000392;0.053599;0.601155;0.118833;0.007042;0.001142;0.346416;0.004923;0.158844;0.030200;49.786762;0.189411;0.100752;0.056969;0.026470;-10.915737;3.148518;3.145454;
75.787912;0.023259;0.055361;0.037424;0.054165;0.690930;-0.000389;102.103546;127;462.809532;777.978118;869.603414;0.589197;0.006360;0.193588;0.930490;2.295497;0.004351;0.003574;0.006997;0.735026;0.000004;97.963524;0.037335;3.394228;0.039157;0.020488;0.010637;0.000140;0.095369;3.108679;0.123738;0.002336;0.002041;0.142462;0.003733;0.062088;0.010172;41.744667;0.139294;0.002979;0.029369;0.006035;-11.412608;2.478780;2.820642;
73.313392;0.021273;0.052511;0.008508;0.014056;0.605282;-0.005321;102.064728;127;431.753619;1058.222028;696.664301;0.965759;0.005309;0.192989;1.012659;8.680458;0.003039;0.002920;0.005542;1.692064;0.000000;97.574982;0.004364;16.406801;0.000090;0.023913;0.011501;0.000000;0.065191;5.323032;0.531928;0.001068;0.008912;0.026939;0.002746;0.010109;0.050688;44.925129;0.082942;0.000551;0.004441;0.019318;-12.054308;1.694538;3.664685;
70.532464;0.023167;0.058260;0.000475;0.000317;1.500058;0.004291;102.070686;129;589.863762;3367.333321;684.111242;2.631715;0.018807;0.193178;1.813854;25.781712;0.004130;0.006675;0.002461;1.929661;0.000000;97.307808;0.006607;4.600806;0.030812;0.033667;0.028388;0.000137;0.083753;4.294903;0.684649;0.003928;0.002405;0.358055;0.005596;0.089491;0.052484;77.472939;0.252400;0.054029;0.050714;0.178308;-11.522331;1.506006;3.934511;
77.416712;0.026112;0.060769;0.000560;0.000302;1.852090;-0.003933;102.304428;135;734.337121;3010.635451;2467.522362;2.123145;0.017103;0.193258;1.699941;23.255163;0.003987;0.006091;0.002604;1.958722;0.000000;97.078430;0.005852;7.125684;0.005270;0.136663;0.076792;0.069322;0.451233;4.440525;0.833312;0.005339;0.004098;0.041896;0.011800;0.014721;0.026965;73.436066;0.149774;0.001163;0.017481;0.107804;-10.991717;1.075221;4.601667;
76.591103;0.027172;0.061913;0.000754;0.000238;3.171150;0.010884;102.500603;138;1147.721588;3535.922976;4798.924759;0.755625;0.002544;0.192963;0.576373;0.488793;0.005564;0.002102;0.016717;0.439488;0.000000;96.493790;0.004547;5.800285;0.000248;0.111585;0.229593;0.000079;2.917953;3.995844;0.355436;0.003072;0.006081;0.013372;0.087518;0.009408;0.064026;14.884622;0.056556;0.000021;0.002684;0.024696;-12.486523;0.419617;5.478745;
75.593884;0.027763;0.063565;0.000741;0.000252;2.937537;0.006978;102.992760;140;587.359541;3025.586853;513.665211;2.866496;0.014700;0.193026;1.348394;12.346167;0.004378;0.005354;0.004240;1.171346;0.000000;95.363327;0.010074;2.494689;0.010566;0.065902;0.104608;0.000000;0.559765;1.648976;1.191054;0.003702;0.003138;0.041486;0.120512;0.007198;0.014865;59.484062;0.089578;0.000457;0.005018;0.058607;-11.766985;0.312245;6.849722;
73.436358;0.025380;0.060200;0.000698;0.000307;2.275714;-0.000091;103.000069;145;406.092901;2058.115477;531.723410;2.314957;0.006359;0.192916;0.805166;2.654418;0.003937;0.003249;0.011341;0.589052;0.000000;94.234802;0.004224;2.196714;0.000728;0.095301;0.216055;0.000016;0.045570;1.595242;3.104152;0.003517;0.026342;0.126541;0.061674;0.023491;0.073728;30.204023;0.055333;0.000256;0.000521;0.054854;-12.953725;0.390639;8.011951;
75.171527;0.022692;0.054539;0.000626;0.000451;1.388616;-0.025468;102.932587;148;668.736518;3274.618570;579.338239;2.623947;0.002849;0.087312;4.029528;28.104582;0.001771;17.298565;0.004667;0.423277;10.295759;60.318913;0.005691;3.358020;7.040788;1.163526;0.040516;2.205036;0.231924;0.433390;0.539163;0.006244;0.001707;0.156830;0.118743;0.206595;6.628037;15.603984;18.517595;18.807791;0.004733;1.187845;-9.423837;-1.782277;-6.626879;
82.745018;0.026084;0.060074;0.000507;0.000528;0.960634;0.017733;102.925804;157;880.231750;3864.625392;2725.535330;1.211079;0.001435;0.193794;0.593270;21.163269;0.027267;0.030100;0.008642;10.089936;0.017160;97.826416;0.225060;48.683041;2.163297;0.146964;0.089964;0.004411;10.710836;6.497435;0.948916;0.020942;0.005675;0.400073;0.097058;0.006952;0.025849;10.887139;0.056631;0.031388;0.007715;2.157944;4.828494;0.705118;3.037343;
77.011007;0.026797;0.065566;0.001071;0.000171;6.261638;0.000319;103.036522;168;1124.174906;4880.833319;4912.233783;0.896112;0.008063;0.193325;1.075257;8.560229;0.008320;0.004258;0.013702;1.065333;0.000022;95.098610;0.062229;2.354276;0.086925;0.131154;6.668541;0.012516;3.279657;9.866425;0.634496;0.006609;0.034381;1.084219;0.017891;0.028431;0.008449;43.232090;0.012898;0.000204;0.008953;0.065893;0.856906;-0.496054;6.286445;
65.447583;0.199339;0.166932;0.004950;0.007002;0.706888;0.006871;103.691628;174;960.733399;3852.703623;3854.643003;1.186556;0.003636;0.193118;0.655050;1.119835;0.006145;0.002855;0.033237;0.628662;-0.419289;96.234695;0.020258;0.742435;0.070579;5.715338;16.523487;0.000036;0.660507;14.057379;0.388837;0.004621;0.015782;1.209655;0.004424;0.079156;1.847339;22.827995;0.022895;0.000011;0.007231;0.016460;-0.910944;-2.169412;5.816731;
70.158261;0.249320;0.182458;0.005996;0.007559;0.793273;0.004466;103.995453;175;515.315861;2928.947937;1198.255039;1.727215;0.001985;0.194708;0.405537;0.094080;0.004956;0.001780;0.030822;0.204460;-0.000476;96.078873;0.540168;0.049333;0.036458;0.267409;2.009059;0.000001;0.084881;3.686860;0.049191;0.004313;0.010308;0.389760;0.001282;0.100982;1.290141;0.458823;0.007808;0.000001;0.003236;0.000028;-4.498141;-1.811792;5.944181;
75.496991;0.248977;0.178864;0.005982;0.007481;0.799581;-0.002578;104.001381;176;335.397745;2430.293164;1043.619502;1.773512;0.023302;0.193793;1.730329;19.628527;0.004517;0.007400;0.003403;1.540658;-0.000001;95.463326;0.222822;0.043135;0.000721;0.160249;0.037801;0.000004;0.028375;4.079620;2.508425;0.009347;0.006596;0.175643;0.002167;0.006838;0.007593;75.133583;0.034214;0.000004;0.004509;0.001625;-7.242017;-0.319075;6.835445;
74.984809;0.248772;0.172503;0.005908;0.007738;0.763477;0.004160;104.058723;176;458.253424;1706.454370;808.918799;1.380330;0.018502;0.193240;1.514726;16.336761;0.004624;0.006507;0.006637;1.353429;-0.000000;94.889381;0.083216;0.115561;0.000414;0.336717;0.031856;0.000000;0.022617;5.228729;2.174117;0.004596;0.011949;0.101411;0.011671;0.002957;0.007687;63.960987;0.041534;0.000002;0.002076;0.007258;-7.988482;-0.665436;7.427764;
78.713622;0.103759;0.111995;0.005321;0.008029;0.662766;0.006057;104.409027;176;675.394028;3124.827278;3470.559282;0.967900;0.013313;0.193464;1.141180;9.425812;0.004797;0.004881;0.014438;0.893701;-0.000000;94.837723;0.140676;0.124363;0.005978;0.121614;1.943284;0.001303;0.044990;4.539317;0.875348;0.011725;0.004381;0.254935;0.008699;0.039390;0.303306;44.251476;0.031948;0.000012;0.002959;0.018184;-6.475768;1.250254;7.442608;
79.493452;0.022113;0.066125;0.005221;0.008022;0.650815;-0.006754;104.099060;176;860.210924;4324.271841;3750.575130;1.582681;0.001079;0.193126;0.443355;13.843493;0.004169;0.001272;0.027354;6.963314;0.019714;95.201599;0.040454;28.769508;1.596610;0.325760;0.606677;0.003477;4.560281;5.449108;0.368163;0.004101;0.010428;0.158456;0.022746;0.028192;0.127905;2.288519;0.012680;0.000581;0.004250;0.002339;-3.513028;3.656914;6.338620;
77.157854;0.027874;0.060295;0.002015;0.002152;0.936343;-0.005420;104.365128;177;641.375822;2774.695020;6275.493476;0.414404;0.000236;0.021765;0.544930;66.038841;0.000229;64.429741;0.000644;10.529672;50.407814;75.224228;0.013979;19.614582;19.860497;0.281476;6.531558;1.891130;0.019854;5.388871;7.381992;0.225248;0.000020;0.816054;0.036234;15.172297;10.450946;69.253311;17.709093;65.210663;0.130978;0.226961;-6.247629;-0.649649;8.762918;
83.463003;0.028993;0.062814;0.000580;0.000738;0.785978;0.035559;104.675674;180;552.891876;3440.603817;5104.661260;0.659596;0.000020;0.000099;0.012841;65.533875;0.000003;65.469482;0.000001;5.188718;59.204800;63.947224;0.000406;13.094839;0.027580;0.165880;0.048467;0.002182;0.877976;0.798706;0.363315;0.005244;0.000211;0.461146;0.052906;0.043267;0.220656;63.770443;8.566936;65.274048;0.118367;1.871672;-11.273317;5.461068;0.201627;
70.985690;0.041611;0.068852;0.001239;0.000864;1.433670;0.003989;105.196732;188;435.206334;2647.422566;1178.969761;1.750554;0.000336;0.001374;0.068356;88.268898;0.000076;79.346573;0.000060;2.906640;62.928509;93.720268;0.030622;1.824244;0.001325;0.386792;0.032196;0.000003;0.668417;6.561427;2.206690;0.018211;0.064348;0.168091;0.193951;0.011063;0.093597;96.533409;6.776865;75.243057;0.309557;9.258095;-18.681618;4.035422;7.372814;
72.347009;0.046680;0.077193;0.002225;0.000846;2.630534;-0.011243;105.010803;188;301.621077;2711.037201;872.830983;2.342486;0.001328;0.101471;0.391084;28.717691;0.003011;18.745199;0.108120;2.832157;10.222071;97.711044;0.813185;5.381731;0.000672;0.055514;0.203568;0.000077;2.069472;41.045322;0.048809;0.005080;6.692888;0.010184;0.026774;0.025207;0.067899;43.458038;0.845378;23.476807;0.226407;0.148826;-15.591832;4.284175;3.105518;
74.413438;0.045369;0.078917;0.002248;0.001064;2.113636;-0.032221;104.666908;207;425.349256;2580.777560;783.422420;2.147019;0.003363;0.082993;1.108742;47.040527;0.001531;27.933784;0.004531;1.258590;7.150140;96.944710;0.028307;4.310145;0.203024;15.789047;0.154224;0.002123;0.077471;3.264978;0.493465;0.009116;6.031233;2.809080;1.245790;0.041691;1.840121;48.942963;6.808570;33.538967;0.020927;27.636028;-17.246563;-0.617574;0.448721;
81.506440;0.047080;0.076859;0.002025;0.001104;1.834815;-0.004413;104.636009;221;569.746502;2742.693675;1038.531999;1.723200;0.003864;0.156978;1.816930;34.684040;0.006971;0.046149;0.053694;5.432146;-9.095177;96.986946;0.057679;2.213932;0.000595;0.089348;0.014079;0.000007;0.130356;49.200512;0.250502;0.004707;10.533095;0.023477;0.002055;0.004457;0.069807;86.242493;0.332308;3.007567;0.043369;0.713648;-12.618855;3.727120;4.740681;
73.559343;0.044552;0.076642;0.002052;0.001493;1.374882;-0.006044;104.100571;227;659.356761;3359.636223;4870.853177;0.664991;0.006253;0.187117;0.980246;14.427736;0.002771;0.004708;0.078418;1.121911;-20.148346;95.803116;0.059806;1.933158;0.027140;3.543103;9.282097;1.370828;0.048003;10.485951;0.459084;0.022363;37.040123;0.656529;0.142436;0.022314;0.494866;30.927671;0.588855;0.480024;0.026351;0.158292;-11.720197;4.420125;6.376754;
64.435999;0.053587;0.082984;0.001639;0.002803;0.584540;-0.015035;103.560944;229;548.185019;4098.418942;1537.989323;2.784619;0.008063;0.187829;1.578545;13.473866;0.004280;0.006462;0.044162;1.746750;-15.913793;89.572060;0.024834;0.380762;0.015151;3.160325;2.139853;0.001583;0.002683;24.375505;0.595116;0.036527;25.490311;0.143655;3.089302;0.013129;0.045408;63.895031;0.526830;0.389717;0.007693;1.311567;-10.492025;1.493194;11.084821;
66.101950;0.063553;0.110309;0.004121;0.002755;1.495994;0.000561;103.525192;234;506.677854;4889.979132;1786.828553;2.547619;0.023678;0.184572;2.679648;30.158421;0.003333;0.009115;0.007069;1.982314;-12.967185;88.136795;0.009295;0.307361;0.001897;7.579283;7.009532;0.001411;0.003815;7.390097;1.717874;0.026705;21.522186;0.974381;3.420818;0.128397;0.138996;79.128777;0.862635;0.607886;0.003105;8.741695;-12.840898;1.991893;11.952645;
70.913528;0.066298;0.104760;0.004172;0.002625;1.589339;0.011077;103.788719;235;442.677147;5937.067388;1361.424963;4.104432;0.016681;0.190875;1.981573;18.277925;0.003717;0.006214;0.010148;1.457688;-6.451489;91.038246;0.012861;1.700097;0.000170;3.144757;1.069242;0.000002;0.109322;4.723306;0.464515;0.010106;13.621913;0.187820;0.527539;0.113287;0.052561;63.171234;0.340342;0.154521;0.006305;8.182734;-13.716660;0.433821;9.308987;
67.498945;0.064105;0.092314;0.004156;0.002891;1.437729;0.006984;103.652466;236;566.182082;5524.669025;2135.750014;4.428499;0.014737;0.185219;1.891544;29.421091;0.004436;0.007618;0.003682;2.512002;-0.007572;97.272858;0.009246;4.978565;0.011360;0.039175;0.039999;0.004110;0.435413;11.542208;0.252790;0.007795;2.830983;0.107297;0.001473;0.005161;0.064078;80.552925;0.419639;0.691884;0.098446;0.739699;-13.297793;0.258410;4.219316;
75.343121;0.057209;0.091846;0.003848;0.002882;1.334912;-0.004096;103.976845;238;925.379736;4497.688698;9393.111089;0.568017;0.005223;0.193011;0.800497;4.637599;0.004154;0.003330;0.079775;0.734540;-18.176941;95.333359;0.021841;0.895835;0.000942;18.784744;1.115011;0.000005;0.033536;15.355100;0.380583;0.004820;24.405554;0.016117;0.064177;0.004322;0.072873;25.625771;0.144842;0.008224;0.007333;0.070313;-11.273489;0.830372;6.935698;
74.446378;0.041395;0.084109;0.002493;0.002712;0.919176;0.001173;103.998978;240;761.064503;4360.474014;940.875974;2.587673;0.006042;0.193155;0.755422;4.784955;0.002896;0.003129;0.068206;0.532681;-15.656288;95.855568;0.002334;1.008392;0.000073;3.590095;0.537646;0.000000;0.013465;5.499116;0.291741;0.002945;32.355762;0.016605;0.071166;0.007734;0.036324;22.017797;0.100472;0.003281;0.009392;0.061389;-12.563596;1.200646;6.257234;